=== Classifier ===
Naive Bayes Classifier

                                    Class
Attribute                        tcpFlood      normal   httpFlood    slowRead slowHeaders    udpFlood    slowBody
                                   (0.15)      (0.15)      (0.15)      (0.15)      (0.15)       (0.1)      (0.15)
==================================================================================================================
protocol_type
  tcp                                572.0       572.0       572.0       572.0       572.0         1.0       572.0
  icmp                                 1.0         1.0         1.0         1.0         1.0         1.0         1.0
  udp                                  1.0         1.0         1.0         1.0         1.0       373.0         1.0
  [total]                            574.0       574.0       574.0       574.0       574.0       375.0       574.0

flag
  OTH                                572.0       116.0       156.0       202.0       213.0       373.0       182.0
  REJ                                  1.0        30.0         1.0         1.0         1.0         1.0         1.0
  RSTO                                 1.0         5.0        62.0        67.0       100.0         1.0        51.0
  RSTOS0                               1.0         1.0         1.0         1.0         1.0         1.0         1.0
  RSTR                                 1.0         1.0         1.0         1.0         1.0         1.0         1.0
  S0                                   1.0         4.0         1.0         1.0         1.0         1.0         1.0
  S1                                   1.0         7.0        14.0       305.0       255.0         1.0       328.0
  S2                                   1.0         3.0         1.0         1.0         6.0         1.0        14.0
  S3                                   1.0         1.0       343.0         1.0         1.0         1.0         1.0
  SF                                   1.0       413.0         1.0         1.0         2.0         1.0         1.0
  SH                                   1.0         1.0         1.0         1.0         1.0         1.0         1.0
  [total]                            582.0       582.0       582.0       582.0       582.0       383.0       582.0

src_bytes
  mean                             87.3556    316.8257    304.2593    448.1256    431.9797     43.4874    421.3935
  std. dev.                         9.0915     1037.22    149.8511    631.6644    556.3672      7.2479    643.2124
  weight sum                           571         571         571         571         571         372         571
  precision                        43.4874     43.4874     43.4874     43.4874     43.4874     43.4874     43.4874

dst_bytes
  mean                                   0   3946.6189    482.6029    289.5617    207.3405           0     83.4128
  std. dev.                       113.4017   14370.725    314.1746    945.9238   1048.9124    113.4017    286.7554
  weight sum                           571         571         571         571         571         372         571
  precision                       680.4104    680.4104    680.4104    680.4104    680.4104    680.4104    680.4104

count
  mean                          12675.2232      29.474    301.4042    406.0055    356.8711    110.2273    383.3613
  std. dev.                      7123.1675     70.3929    276.3259    296.0143     283.491     34.9827    281.6662
  weight sum                           571         571         571         571         571         372         571
  precision                         18.931      18.931      18.931      18.931      18.931      18.931      18.931

srv_serror_rate
  mean                                   0      0.0185       0.515      0.4895      0.4074           0       0.529
  std. dev.                         0.0017      0.0992      0.4589      0.4812      0.4432      0.0017      0.4578
  weight sum                           571         571         571         571         571         372         571
  precision                         0.0102      0.0102      0.0102      0.0102      0.0102      0.0102      0.0102

same_srv_rate
  mean                                   1      0.9746      0.9176      0.9986      0.9985      0.9973      0.9959
  std. dev.                         0.0028      0.1559       0.205      0.0075      0.0104      0.0518       0.045
  weight sum                           571         571         571         571         571         372         571
  precision                         0.0169      0.0169      0.0169      0.0169      0.0169      0.0169      0.0169

diff_srv_rate
  mean                                   0      0.0018      0.0825      0.0014      0.0015           0      0.0023
  std. dev.                         0.0028      0.0418      0.2052      0.0075      0.0104      0.0028      0.0169
  weight sum                           571         571         571         571         571         372         571
  precision                         0.0169      0.0169      0.0169      0.0169      0.0169      0.0169      0.0169

srv_diff_host_rate
  mean                                   0      0.1673      0.0669           0           0           0           0
  std. dev.                         0.0021      0.2794      0.1633      0.0021      0.0021      0.0021      0.0021
  weight sum                           571         571         571         571         571         372         571
  precision                         0.0125      0.0125      0.0125      0.0125      0.0125      0.0125      0.0125

dst_host_count
  mean                             68.9627    103.0058     83.0953     82.1106     80.0885     31.8686       83.32
  std. dev.                          4.615    101.0934     28.8233     24.1316     25.9586        7.23     25.0013
  weight sum                           571         571         571         571         571         372         571
  precision                         1.5839      1.5839      1.5839      1.5839      1.5839      1.5839      1.5839

dst_host_srv_count
  mean                             69.0825    190.9359     83.4278     82.5347     80.4238     31.9169     83.8776
  std. dev.                         4.5734     96.2059     29.2556     24.7158     26.5071      7.2245     25.5568
  weight sum                           571         571         571         571         571         372         571
  precision                         1.8345      1.8345      1.8345      1.8345      1.8345      1.8345      1.8345

dst_host_same_srv_rate
  mean                                   1      0.9783      0.9857      0.9997      0.9998      0.9973       0.998
  std. dev.                         0.0057      0.1355      0.0942      0.0057      0.0057      0.0518      0.0419
  weight sum                           571         571         571         571         571         372         571
  precision                         0.0345      0.0345      0.0345      0.0345      0.0345      0.0345      0.0345

dst_host_diff_srv_rate
  mean                                   0      0.0006      0.0141           0           0           0      0.0002
  std. dev.                         0.0073        0.01      0.0937      0.0073      0.0073      0.0073      0.0073
  weight sum                           571         571         571         571         571         372         571
  precision                         0.0436      0.0436      0.0436      0.0436      0.0436      0.0436      0.0436

dst_host_srv_diff_host_rate
  mean                                   0      0.1082      0.0164           0           0           0           0
  std. dev.                         0.0025      0.2472      0.0947      0.0025      0.0025      0.0025      0.0025
  weight sum                           571         571         571         571         571         372         571
  precision                         0.0147      0.0147      0.0147      0.0147      0.0147      0.0147      0.0147

dst_host_serror_rate
  mean                                   0      0.0111      0.5943      0.5147      0.4303           0      0.5772
  std. dev.                         0.0019      0.0879      0.4805      0.4889      0.4574      0.0019      0.4713
  weight sum                           571         571         571         571         571         372         571
  precision                         0.0112      0.0112      0.0112      0.0112      0.0112      0.0112      0.0112


=== Dedicated test set ===
=== Summary of NB ===

Correctly Classified Instances         482               50.6835 %
Incorrectly Classified Instances       469               49.3165 %
Kappa statistic                          0.4248
Mean absolute error                      0.1386
Root mean squared error                  0.3176
Relative absolute error                 56.7551 %
Root relative squared error             90.9002 %
Total Number of Instances              951     
=== Detailed Accuracy By Class ===

                 TP Rate  FP Rate  Precision  Recall   F-Measure  MCC      ROC Area  PRC Area  Class
                 1.000    0.083    0.681      1.000    0.810      0.790    1.000     1.000     tcpFlood
                 0.713    0.005    0.962      0.713    0.819      0.805    0.977     0.899     normal
                 0.189    0.004    0.900      0.189    0.312      0.379    0.865     0.607     httpFlood
                 0.587    0.311    0.251      0.587    0.351      0.207    0.759     0.346     slowRead
                 0.175    0.099    0.238      0.175    0.202      0.086    0.744     0.261     slowHeaders
                 1.000    0.056    0.660      1.000    0.795      0.789    1.000     1.000     udpFlood
                 0.056    0.020    0.333      0.056    0.096      0.082    0.792     0.330     slowBody
Weighted Avg.    0.507    0.084    0.571      0.507    0.467      0.430    0.870     0.616     
=== Confusion Matrix ===

   a   b   c   d   e   f   g   <-- classified as
 143   0   0   0   0   0   0 |   a = tcpFlood
   0 102   3   0  15  23   0 |   b = normal
   2   4  27  82  11  17   0 |   c = httpFlood
  19   0   0  84  32   3   5 |   d = slowRead
  22   0   0  82  25   3  11 |   e = slowHeaders
   0   0   0   0   0  93   0 |   f = udpFlood
  24   0   0  87  22   2   8 |   g = slowBody
