=== Classifier ===
Naive Bayes Classifier

                                    Class
Attribute                        tcpFlood      normal   httpFlood    slowRead slowHeaders    udpFlood    slowBody
                                   (0.11)      (0.34)      (0.11)      (0.11)      (0.11)      (0.09)      (0.11)
==================================================================================================================
duration
  mean                                   0      0.0557      0.6647      8.4565       9.918           0      8.0515
  std. dev.                         0.3258      1.2451      1.4299      9.9756      10.855      0.3258      9.0575
  weight sum                           444        1333         444         444         444         372         444
  precision                         1.9545      1.9545      1.9545      1.9545      1.9545      1.9545      1.9545

protocol_type
  tcp                                445.0      1334.0       445.0       445.0       445.0         1.0       445.0
  icmp                                 1.0         1.0         1.0         1.0         1.0         1.0         1.0
  udp                                  1.0         1.0         1.0         1.0         1.0       373.0         1.0
  [total]                            447.0      1336.0       447.0       447.0       447.0       375.0       447.0

flag
  OTH                                445.0       425.0       108.0       172.0       178.0       373.0       147.0
  REJ                                  1.0        26.0         1.0         1.0         1.0         1.0         1.0
  RSTO                                 1.0         2.0        53.0        56.0        69.0         1.0        36.0
  RSTOS0                               1.0         1.0         1.0         1.0         1.0         1.0         1.0
  RSTR                                 1.0         8.0         1.0         1.0         1.0         1.0         1.0
  S0                                   1.0         2.0         1.0         1.0         1.0         1.0         1.0
  S1                                   1.0        20.0        13.0       219.0       197.0         1.0       254.0
  S2                                   1.0        12.0         1.0         1.0         3.0         1.0        11.0
  S3                                   1.0        17.0       274.0         1.0         1.0         1.0         1.0
  SF                                   1.0       830.0         1.0         1.0         2.0         1.0         1.0
  SH                                   1.0         1.0         1.0         1.0         1.0         1.0         1.0
  [total]                            455.0      1344.0       455.0       455.0       455.0       383.0       455.0

src_bytes
  mean                             83.9322    478.1464    303.8682    403.6098    395.9869     59.5873    377.3592
  std. dev.                        10.7339    398.6106    138.4533    556.5226    476.2759      1.9862    544.5528
  weight sum                           444        1333         444         444         444         372         444
  precision                        11.9175     11.9175     11.9175     11.9175     11.9175     11.9175     11.9175

dst_bytes
  mean                                   0   6426.9323      4.5199    244.0723    225.9929           0    149.1553
  std. dev.                       334.4695   18708.356    334.4695    655.9246    972.9774    334.4695   1045.6708
  weight sum                           444        1333         444         444         444         372         444
  precision                      2006.8168   2006.8168   2006.8168   2006.8168   2006.8168   2006.8168   2006.8168

wrong_fragment
  mean                                   0           0           0           0           0           0           0
  std. dev.                         0.0017      0.0017      0.0017      0.0017      0.0017      0.0017      0.0017
  weight sum                           444        1333         444         444         444         372         444
  precision                           0.01        0.01        0.01        0.01        0.01        0.01        0.01

urgent
  mean                                   0           0           0           0           0           0           0
  std. dev.                         0.0017      0.0017      0.0017      0.0017      0.0017      0.0017      0.0017
  weight sum                           444        1333         444         444         444         372         444
  precision                           0.01        0.01        0.01        0.01        0.01        0.01        0.01

count
  mean                          12134.1116    2294.989    300.6246    428.0427    343.6813    108.4511     367.793
  std. dev.                      7067.4524   1715.0135    268.2325    299.0271    273.5948     37.0836    272.2631
  weight sum                           444        1333         444         444         444         372         444
  precision                        13.1842     13.1842     13.1842     13.1842     13.1842     13.1842     13.1842

srv_count
  mean                          12133.9206   2295.5708    278.1126    427.9549    343.6034    108.6436    367.4399
  std. dev.                      7067.1009   1714.2106    239.2134    299.1037    273.3013     37.2051     272.294
  weight sum                           444        1333         444         444         444         372         444
  precision                        13.2293     13.2293     13.2293     13.2293     13.2293     13.2293     13.2293

serror_rate
  mean                                   0      0.0144      0.5187      0.4367      0.3912           0      0.5263
  std. dev.                         0.0018      0.0734       0.457      0.4754      0.4471      0.0018      0.4576
  weight sum                           444        1333         444         444         444         372         444
  precision                         0.0106      0.0106      0.0106      0.0106      0.0106      0.0106      0.0106

srv_serror_rate
  mean                                   0      0.0151      0.5406      0.4374      0.3921           0      0.5272
  std. dev.                         0.0018      0.0756        0.46       0.476      0.4484      0.0018      0.4583
  weight sum                           444        1333         444         444         444         372         444
  precision                         0.0106      0.0106      0.0106      0.0106      0.0106      0.0106      0.0106

rerror_rate
  mean                                   0      0.0193           0           0           0           0           0
  std. dev.                         0.0556      0.1362      0.0556      0.0556      0.0556      0.0556      0.0556
  weight sum                           444        1333         444         444         444         372         444
  precision                         0.3333      0.3333      0.3333      0.3333      0.3333      0.3333      0.3333

srv_rerror_rate
  mean                                   0      0.0193           0           0           0           0           0
  std. dev.                         0.0278      0.1364      0.0278      0.0278      0.0278      0.0278      0.0278
  weight sum                           444        1333         444         444         444         372         444
  precision                         0.1667      0.1667      0.1667      0.1667      0.1667      0.1667      0.1667

same_srv_rate
  mean                                   1           1      0.9187       0.999      0.9942      0.9973      0.9982
  std. dev.                         0.0031      0.0031      0.2058       0.005      0.0672      0.0518      0.0083
  weight sum                           444        1333         444         444         444         372         444
  precision                         0.0185      0.0185      0.0185      0.0185      0.0185      0.0185      0.0185

diff_srv_rate
  mean                                   0           0      0.0813       0.001      0.0036           0      0.0018
  std. dev.                         0.0031      0.0031      0.2058       0.005      0.0477      0.0031      0.0083
  weight sum                           444        1333         444         444         444         372         444
  precision                         0.0185      0.0185      0.0185      0.0185      0.0185      0.0185      0.0185

srv_diff_host_rate
  mean                                   0      0.0312      0.0644           0           0           0           0
  std. dev.                         0.0028      0.1307      0.1633      0.0028      0.0028      0.0028      0.0028
  weight sum                           444        1333         444         444         444         372         444
  precision                         0.0169      0.0169      0.0169      0.0169      0.0169      0.0169      0.0169

dst_host_count
  mean                             69.3476     89.3846     84.7735     82.5328     79.9929     31.3585     83.4833
  std. dev.                         4.2036     60.6077     28.0668     23.6599     25.5569      7.4044     25.4011
  weight sum                           444        1333         444         444         444         372         444
  precision                         1.7958      1.7958      1.7958      1.7958      1.7958      1.7958      1.7958

dst_host_srv_count
  mean                             69.2451    118.9689     83.9616     82.3351     79.8816     31.6968     83.1943
  std. dev.                         4.2174     78.5916     28.2327      23.289     25.3204      7.6757     25.1325
  weight sum                           444        1333         444         444         444         372         444
  precision                           2.04        2.04        2.04        2.04        2.04        2.04        2.04

dst_host_same_srv_rate
  mean                                   1      0.9988      0.9848           1      0.9977      0.9973      0.9999
  std. dev.                         0.0072      0.0189      0.1018      0.0072      0.0474      0.0518      0.0072
  weight sum                           444        1333         444         444         444         372         444
  precision                         0.0435      0.0435      0.0435      0.0435      0.0435      0.0435      0.0435

dst_host_diff_srv_rate
  mean                                   0      0.0003       0.015           0           0           0      0.0001
  std. dev.                         0.0092      0.0092      0.1002      0.0092      0.0092      0.0092      0.0092
  weight sum                           444        1333         444         444         444         372         444
  precision                          0.055       0.055       0.055       0.055       0.055       0.055       0.055

dst_host_same_src_port_rate
  mean                              0.0126      0.0385      0.1308      0.0017      0.0039      0.9658      0.0034
  std. dev.                         0.0166      0.1088      0.3309      0.0074       0.026      0.0616      0.0231
  weight sum                           444        1333         444         444         444         372         444
  precision                         0.0227      0.0227      0.0227      0.0227      0.0227      0.0227      0.0227

dst_host_srv_diff_host_rate
  mean                                   0       0.008       0.013           0           0           0           0
  std. dev.                         0.0052      0.0322      0.0878      0.0052      0.0052      0.0052      0.0052
  weight sum                           444        1333         444         444         444         372         444
  precision                         0.0313      0.0313      0.0313      0.0313      0.0313      0.0313      0.0313

dst_host_serror_rate
  mean                                   0      0.0347      0.6128      0.4692      0.4186           0      0.5659
  std. dev.                          0.002      0.1725      0.4785      0.4854      0.4607       0.002      0.4658
  weight sum                           444        1333         444         444         444         372         444
  precision                          0.012       0.012       0.012       0.012       0.012       0.012       0.012

dst_host_srv_serror_rate
  mean                                   0       0.034      0.6144      0.4693      0.4184           0       0.566
  std. dev.                          0.002       0.172      0.4781      0.4855      0.4605       0.002      0.4656
  weight sum                           444        1333         444         444         444         372         444
  precision                         0.0119      0.0119      0.0119      0.0119      0.0119      0.0119      0.0119

dst_host_rerror_rate
  mean                                   0      0.0188           0           0           0           0           0
  std. dev.                         0.0139      0.1325      0.0139      0.0139      0.0139      0.0139      0.0139
  weight sum                           444        1333         444         444         444         372         444
  precision                         0.0833      0.0833      0.0833      0.0833      0.0833      0.0833      0.0833

dst_host_srv_rerror_rate
  mean                                   0      0.0185           0           0           0           0           0
  std. dev.                         0.0098      0.1305      0.0098      0.0098      0.0098      0.0098      0.0098
  weight sum                           444        1333         444         444         444         372         444
  precision                         0.0588      0.0588      0.0588      0.0588      0.0588      0.0588      0.0588


=== Dedicated test set ===
=== Summary of NB ===

Correctly Classified Instances         637               64.9337 %
Incorrectly Classified Instances       344               35.0663 %
Kappa statistic                          0.5684
Mean absolute error                      0.099 
Root mean squared error                  0.2844
Relative absolute error                 42.7005 %
Root relative squared error             83.5003 %
Total Number of Instances              981     
=== Detailed Accuracy By Class ===

                 TP Rate  FP Rate  Precision  Recall   F-Measure  MCC      ROC Area  PRC Area  Class
                 1.000    0.092    0.581      1.000    0.735      0.726    1.000     1.000     tcpFlood
                 0.979    0.008    0.985      0.979    0.982      0.973    0.992     0.992     normal
                 0.207    0.006    0.821      0.207    0.331      0.383    0.904     0.699     httpFlood
                 0.694    0.256    0.257      0.694    0.375      0.301    0.818     0.271     slowRead
                 0.000    0.005    0.000      0.000    0.000      -0.023   0.840     0.301     slowHeaders
                 1.000    0.018    0.853      1.000    0.921      0.915    0.991     0.853     udpFlood
                 0.063    0.013    0.389      0.063    0.109      0.119    0.849     0.328     slowBody
Weighted Avg.    0.649    0.046    0.647      0.649    0.596      0.587    0.930     0.712     
=== Confusion Matrix ===

   a   b   c   d   e   f   g   <-- classified as
 111   0   0   0   0   0   0 |   a = tcpFlood
   0 326   4   1   0   0   2 |   b = normal
   3   1  23  67   0  16   1 |   c = httpFlood
  27   0   1  77   1   0   5 |   d = slowRead
  34   2   0  72   0   0   3 |   e = slowHeaders
   0   0   0   0   0  93   0 |   f = udpFlood
  16   2   0  83   3   0   7 |   g = slowBody
