=== Classifier ===
Naive Bayes Classifier

                                    Class
Attribute                        tcpFlood      normal   httpFlood    slowRead slowHeaders    udpFlood    slowBody
                                   (0.11)      (0.34)      (0.11)      (0.11)      (0.11)      (0.09)      (0.11)
==================================================================================================================
duration
  mean                                   0      3.4888      0.3436      8.5126      9.4846           0      7.7369
  std. dev.                         0.7266     20.4908      1.1747     10.1015     10.8813      0.7266       8.878
  weight sum                           444        1332         444         444         444         372         444
  precision                         4.3594      4.3594      4.3594      4.3594      4.3594      4.3594      4.3594

protocol_type
  tcp                                445.0      1333.0       445.0       445.0       445.0         1.0       445.0
  icmp                                 1.0         1.0         1.0         1.0         1.0         1.0         1.0
  udp                                  1.0         1.0         1.0         1.0         1.0       373.0         1.0
  [total]                            447.0      1335.0       447.0       447.0       447.0       375.0       447.0

flag
  OTH                                445.0       819.0       108.0       172.0       178.0       373.0       147.0
  REJ                                  1.0         1.0         1.0         1.0         1.0         1.0         1.0
  RSTO                                 1.0        23.0        53.0        56.0        69.0         1.0        36.0
  RSTOS0                               1.0         1.0         1.0         1.0         1.0         1.0         1.0
  RSTR                                 1.0        15.0         1.0         1.0         1.0         1.0         1.0
  S0                                   1.0         1.0         1.0         1.0         1.0         1.0         1.0
  S1                                   1.0        27.0        13.0       219.0       197.0         1.0       254.0
  S2                                   1.0        12.0         1.0         1.0         3.0         1.0        11.0
  S3                                   1.0        14.0       274.0         1.0         1.0         1.0         1.0
  SF                                   1.0       429.0         1.0         1.0         2.0         1.0         1.0
  SH                                   1.0         1.0         1.0         1.0         1.0         1.0         1.0
  [total]                            455.0      1343.0       455.0       455.0       455.0       383.0       455.0

src_bytes
  mean                            138.6815    591.0843    311.3321    397.6574    401.3972           0    380.2054
  std. dev.                        23.0616   2101.1166    176.8454    560.5604    483.0748     23.0616    549.9523
  weight sum                           444        1332         444         444         444         372         444
  precision                       138.3698    138.3698    138.3698    138.3698    138.3698    138.3698    138.3698

dst_bytes
  mean                                   0   5572.0765           0           0      62.374           0      93.561
  std. dev.                      1153.9188  31167.5009   1153.9188   1153.9188   1153.9188   1153.9188   1153.9188
  weight sum                           444        1332         444         444         444         372         444
  precision                       6923.513    6923.513    6923.513    6923.513    6923.513    6923.513    6923.513

count
  mean                          12134.0136   1578.0231    300.6371    428.2056    343.1152     108.413    367.8968
  std. dev.                       7067.041   1738.5237    267.8715     298.831    273.5536     37.2297    272.3001
  weight sum                           444        1332         444         444         444         372         444
  precision                        14.9093     14.9093     14.9093     14.9093     14.9093     14.9093     14.9093

srv_serror_rate
  mean                                   0      0.0183      0.5405      0.4374      0.3922           0      0.5271
  std. dev.                         0.0018      0.0833      0.4601      0.4761      0.4483      0.0018      0.4583
  weight sum                           444        1332         444         444         444         372         444
  precision                         0.0108      0.0108      0.0108      0.0108      0.0108      0.0108      0.0108

diff_srv_rate
  mean                                   0      0.0002      0.0812      0.0009      0.0035           0      0.0018
  std. dev.                          0.003      0.0053      0.2058      0.0048      0.0477       0.003      0.0086
  weight sum                           444        1332         444         444         444         372         444
  precision                         0.0179      0.0179      0.0179      0.0179      0.0179      0.0179      0.0179

srv_diff_host_rate
  mean                                   0      0.1637      0.0643           0           0           0           0
  std. dev.                         0.0018      0.3239      0.1634      0.0018      0.0018      0.0018      0.0018
  weight sum                           444        1332         444         444         444         372         444
  precision                         0.0105      0.0105      0.0105      0.0105      0.0105      0.0105      0.0105

dst_host_count
  mean                             69.3401     49.8874     84.4707     82.2455     79.6982     31.7392     83.1216
  std. dev.                         4.1334     34.7037     27.7006     23.4578     25.4204      7.5116     25.2249
  weight sum                           444        1332         444         444         444         372         444
  precision                              1           1           1           1           1           1           1

dst_host_same_src_port_rate
  mean                              0.0193      0.3111      0.1299      0.0018      0.0038      0.9607      0.0036
  std. dev.                         0.0154      0.4128      0.3283       0.008      0.0255      0.0606      0.0228
  weight sum                           444        1332         444         444         444         372         444
  precision                          0.011       0.011       0.011       0.011       0.011       0.011       0.011


=== Dedicated test set ===
=== Summary of NB ===

Correctly Classified Instances         604               61.5698 %
Incorrectly Classified Instances       377               38.4302 %
Kappa statistic                          0.5339
Mean absolute error                      0.1171
Root mean squared error                  0.2818
Relative absolute error                 50.4759 %
Root relative squared error             82.7444 %
Total Number of Instances              981     
=== Detailed Accuracy By Class ===

                 TP Rate  FP Rate  Precision  Recall   F-Measure  MCC      ROC Area  PRC Area  Class
                 1.000    0.023    0.847      1.000    0.917      0.910    1.000     1.000     tcpFlood
                 0.820    0.009    0.978      0.820    0.892      0.851    0.986     0.973     normal
                 0.171    0.006    0.792      0.171    0.281      0.339    0.796     0.453     httpFlood
                 0.829    0.310    0.254      0.829    0.389      0.340    0.832     0.303     slowRead
                 0.000    0.007    0.000      0.000    0.000      -0.028   0.782     0.212     slowHeaders
                 1.000    0.020    0.838      1.000    0.912      0.906    1.000     1.000     udpFlood
                 0.144    0.060    0.235      0.144    0.179      0.105    0.799     0.261     slowBody
Weighted Avg.    0.616    0.051    0.652      0.616    0.589      0.563    0.906     0.677     
=== Confusion Matrix ===

   a   b   c   d   e   f   g   <-- classified as
 111   0   0   0   0   0   0 |   a = tcpFlood
   5 273   5  17   2   2  29 |   b = normal
   3   4  19  69   0  16   0 |   c = httpFlood
   7   1   0  92   1   0  10 |   d = slowRead
   4   1   0  93   0   0  13 |   e = slowHeaders
   0   0   0   0   0  93   0 |   f = udpFlood
   1   0   0  91   3   0  16 |   g = slowBody
