=== Classifier ===
Naive Bayes Classifier

                         Class
Attribute             tcpFlood     httpFlood      slowRead   slowHeaders      udpFlood      slowBody
                        (0.06)        (0.19)        (0.19)        (0.19)        (0.19)        (0.19)
=====================================================================================================
total_fpackets
  mean                1947.7306             0        9.8656        1.4143     6285.6559         3.415
  std. dev.           2173.7707        3.8347       11.3869        5.5264      4293.636          8.18
  weight sum                199           667           667           667           667           667
  precision             23.0083       23.0083       23.0083       23.0083       23.0083       23.0083

total_fvolume
  mean              126904.5189      501.9592     1233.0738      964.9465   251416.1027     1075.6269
  std. dev.         140366.7402       94.8614      992.6783      734.7294   171747.7249      957.1483
  weight sum                199           667           667           667           667           667
  precision            519.8863      519.8863      519.8863      519.8863      519.8863      519.8863

total_bpackets
  mean                1037.0268             0        2.7914             0             0             0
  std. dev.           1204.6599        3.5262          7.16        3.5262        3.5262        3.5262
  weight sum                199           667           667           667           667           667
  precision             21.1573       21.1573       21.1573       21.1573       21.1573       21.1573

total_bvolume
  mean               54389.3784      833.9223     1165.9349      656.2437             0      523.9574
  std. dev.          62800.1415      161.1112     1087.0624      874.8098      144.1747     1106.4945
  weight sum                199           667           667           667           667           667
  precision            865.0485      865.0485      865.0485      865.0485      865.0485      865.0485

min_fpktl
  mean                  58.3719       57.6576       56.1607        45.654        38.803        48.878
  std. dev.              9.5931           3.2       12.7092       19.2258        6.3825       18.0785
  weight sum                199           667           667           667           667           667
  precision                19.2          19.2          19.2          19.2          19.2          19.2

mean_fpktl
  mean                  65.5772       60.4286      127.3137      128.3129       40.7283      147.3366
  std. dev.              9.5566        1.7342       71.2503       49.1509        6.4178        62.179
  weight sum                199           667           667           667           667           667
  precision              1.9208        1.9208        1.9208        1.9208        1.9208        1.9208

max_fpktl
  mean                 479.7419       92.1644      379.6484      371.3075       46.4509       428.219
  std. dev.            436.5696        2.5614       93.2781       89.3034        6.2031       99.7526
  weight sum                199           667           667           667           667           667
  precision             15.3684       15.3684       15.3684       15.3684       15.3684       15.3684

std_fpktl
  mean                  17.1458       15.8544      125.9748      127.5912             0      154.7578
  std. dev.             20.2859        1.5603        59.756       52.7887         0.251       57.4473
  weight sum                199           667           667           667           667           667
  precision              1.5057        1.5057        1.5057        1.5057        1.5057        1.5057

min_bpktl
  mean                  50.8174       51.2949       50.6407       51.0255             0       50.1789
  std. dev.              5.1203        4.2778        5.9225        4.2778        4.2778         7.611
  weight sum                199           667           667           667           667           667
  precision             25.6667       25.6667       25.6667       25.6667       25.6667       25.6667

mean_bpktl
  mean                  64.8747      189.7224       163.686      126.4489             0      113.4798
  std. dev.             10.9222       27.1702      170.5722      155.2563       10.9222      181.8664
  weight sum                199           667           667           667           667           667
  precision             65.5333       65.5333       65.5333       65.5333       65.5333       65.5333

max_bpktl
  mean                 348.1583      585.8819       441.006      433.7166             0      330.7545
  std. dev.             300.631      113.1906      414.8553      410.5038      101.2917       459.598
  weight sum                199           667           667           667           667           667
  precision              607.75        607.75        607.75        607.75        607.75        607.75

std_bpktl
  mean                   4.7832      253.2243      185.4389      137.8701             0      103.1449
  std. dev.             15.1677        49.785      195.8455      186.2825        8.8134      197.4089
  weight sum                199           667           667           667           667           667
  precision             52.8806       52.8806       52.8806       52.8806       52.8806       52.8806

min_fiat
  mean                3869.4467      523.5686     1015.7015     1322.4715     3706.1723     1284.5318
  std. dev.          53163.9051      704.4888      636.3713      367.7086    49610.0691      437.0495
  weight sum                199           667           667           667           667           667
  precision            723.0234      723.0234      723.0234      723.0234      723.0234      723.0234

mean_fiat
  mean               13329.4622     59634.592   194303.3554    57025.0445     9286.7489    68133.5361
  std. dev.          53122.7375    74661.9229   144796.0063    98889.7553    50139.5241   111285.1764
  weight sum                199           667           667           667           667           667
  precision            296.8733      296.8733      296.8733      296.8733      296.8733      296.8733

max_fiat
  mean              494564.3495   211692.9468   762900.3461   191560.3176   678475.8978    213165.725
  std. dev.         287620.3599   285814.0425   581723.6723   348932.4933   329078.3436   356754.7831
  weight sum                199           667           667           667           667           667
  precision             423.972       423.972       423.972       423.972       423.972       423.972

std_fiat
  mean               34401.6578   102719.6045    315293.958    87407.7352    28348.1029    87534.8517
  std. dev.          31721.2472   139420.4704   244153.0403   156882.6728    19823.8095   144289.1298
  weight sum                199           667           667           667           667           667
  precision            184.7206      184.7206      184.7206      184.7206      184.7206      184.7206

min_biat
  mean                 711.1902      134.2938     7840.0713    12685.3912             0     5250.8871
  std. dev.           4427.7937       605.723    88036.8159   121052.6386      298.5799    66683.4996
  weight sum                199           667           667           667           667           667
  precision           1791.4791     1791.4791     1791.4791     1791.4791     1791.4791     1791.4791

mean_biat
  mean               33416.4827    63050.9235   170328.9812     50723.851             0    22769.5734
  std. dev.          36053.5678    98782.5573   179302.6117    157732.255      135.4244   100857.0285
  weight sum                199           667           667           667           667           667
  precision            812.5464      812.5464      812.5464      812.5464      812.5464      812.5464

max_biat
  mean              568103.6495   187404.4054   448865.1444   131245.7306             0    55155.5723
  std. dev.         387217.1802   296891.0735   434324.5486   344086.9426      139.5639   227209.3587
  weight sum                199           667           667           667           667           667
  precision            837.3834      837.3834      837.3834      837.3834      837.3834      837.3834

std_biat
  mean               65359.6219   107467.8039    188696.632    64618.9724             0    29133.2314
  std. dev.           68142.699   170775.6148    186848.933   175121.0385       111.562   126292.7635
  weight sum                199           667           667           667           667           667
  precision            669.3719      669.3719      669.3719      669.3719      669.3719      669.3719

duration
  mean             9870171.0792   925269.8287 23178941.5582 23415476.0066   26431629.54 21057426.8275
  std. dev.        6780524.3142  1499212.2192 10559904.6131 11602578.8066  6323034.3709 12503860.4519
  weight sum                199           667           667           667           667           667
  precision          10287.4594    10287.4594    10287.4594    10287.4594    10287.4594    10287.4594

min_active
  mean             6762732.3898   186983.7075    12940.5521    12296.6402 16539811.8896     8910.9099
  std. dev.        6954585.6934    286319.942   123312.0082   125116.1638  12775498.383   118952.5347
  weight sum                199           667           667           667           667           667
  precision          13854.4915    13854.4915    13854.4915    13854.4915    13854.4915    13854.4915

mean_active
  mean             7322578.8896   213836.9521   184288.5732    62520.8773  18868740.738    75603.4698
  std. dev.        6528746.7676   282263.3378   179319.8619   152153.1441 10393476.8933   165473.1246
  weight sum                199           667           667           667           667           667
  precision           9099.1545     9099.1545     9099.1545     9099.1545     9099.1545     9099.1545

max_active
  mean             7900892.0029   239931.9883  1069141.7731   262188.5044 21401382.5597   370295.5972
  std. dev.        6251730.1535   304652.8468   825902.2759   516890.3384  8372546.8722   660669.4104
  weight sum                199           667           667           667           667           667
  precision           9371.9042     9371.9042     9371.9042     9371.9042     9371.9042     9371.9042

std_active
  mean               636653.484    36910.3019   427096.6015   109675.2855  2661895.2573   151776.3261
  std. dev.        1157887.4794   123716.7229   349991.8852   217215.9681  3564988.9313    273413.058
  weight sum                199           667           667           667           667           667
  precision           4855.8523     4855.8523     4855.8523     4855.8523     4855.8523     4855.8523

min_idle
  mean              441379.9461   641233.9344  2416731.4772  2628262.7576   515476.9091  2822291.3204
  std. dev.         819499.6983  1383826.0676  3042964.3353  3587525.9324   625002.0966   3825005.143
  weight sum                199           667           667           667           667           667
  precision           7296.4454     7296.4454     7296.4454     7296.4454     7296.4454     7296.4454

mean_idle
  mean              499761.9427   651669.4305  5318923.5253  6875090.6385    574372.232  6310461.8404
  std. dev.          908980.598  1395571.5041  3024080.0815  3383189.7709   693197.8069  3458304.4241
  weight sum                199           667           667           667           667           667
  precision           7110.3615     7110.3615     7110.3615     7110.3615     7110.3615     7110.3615

max_idle
  mean              577669.0507   662135.7654  9378016.3307  9569707.1647   640421.6498  8454814.8554
  std. dev.        1095110.5661  1415046.6255   4730274.118  4954861.5568   784126.4601  4107212.9578
  weight sum                199           667           667           667           667           667
  precision           9195.7556     9195.7556     9195.7556     9195.7556     9195.7556     9195.7556

std_idle
  mean               72402.3194    14814.3203  2952051.7128  3317448.2102    77948.7564  2586382.1763
  std. dev.         273879.8744   148810.6242  2416971.5328  2706908.2463   159896.0802  2076238.7106
  weight sum                199           667           667           667           667           667
  precision           5203.3447     5203.3447     5203.3447     5203.3447     5203.3447     5203.3447

sflow_fpackets
  mean                1862.8622             0             0             0     5171.3744             0
  std. dev.           2232.2095        3.9915        3.9915        3.9915     4791.4844        3.9915
  weight sum                199           667           667           667           667           667
  precision             23.9492       23.9492       23.9492       23.9492       23.9492       23.9492

sflow_fbytes
  mean              121146.2011       18.7577      166.8446       188.564    206833.993      220.1559
  std. dev.         144287.3926      109.7489      297.5397       316.723   191644.0698      332.8733
  weight sum                199           667           667           667           667           667
  precision            658.4932      658.4932      658.4932      658.4932      658.4932      658.4932

sflow_bpackets
  mean                1016.5397             0             0             0             0             0
  std. dev.           1220.6353        3.9726        3.9726        3.9726        3.9726        3.9726
  weight sum                199           667           667           667           667           667
  precision             23.8354       23.8354       23.8354       23.8354       23.8354       23.8354

sflow_bbytes
  mean               53209.8684      648.0928      101.2006       60.3115             0       56.2226
  std. dev.          63690.0538      147.8596      689.6051      665.6788      113.6377      690.6952
  weight sum                199           667           667           667           667           667
  precision            681.8264      681.8264      681.8264      681.8264      681.8264      681.8264

fpsh_cnt
  mean                1945.4971             0             0             0             0             0
  std. dev.           2174.2659        8.2959        8.2959        8.2959        8.2959        8.2959
  weight sum                199           667           667           667           667           667
  precision             49.7755       49.7755       49.7755       49.7755       49.7755       49.7755

bpsh_cnt
  mean                   0.5729          0.97        0.6882        0.6672             0        0.4978
  std. dev.              0.4947        0.2027        0.4632        0.4712        0.1667           0.5
  weight sum                199           667           667           667           667           667
  precision                   1             1             1             1             1             1

furg_cnt
  mean                        0             0             0             0             0             0
  std. dev.              0.0017        0.0017        0.0017        0.0017        0.0017        0.0017
  weight sum                199           667           667           667           667           667
  precision                0.01          0.01          0.01          0.01          0.01          0.01

burg_cnt
  mean                        0             0             0             0             0             0
  std. dev.              0.0017        0.0017        0.0017        0.0017        0.0017        0.0017
  weight sum                199           667           667           667           667           667
  precision                0.01          0.01          0.01          0.01          0.01          0.01

total_fhlen
  mean              101323.5533       88.8669      485.8055       414.712    125723.751      375.7799
  std. dev.         113045.6672      205.5954      229.2846       269.512    85873.6689      275.1383
  weight sum                199           667           667           667           667           667
  precision            564.5161      564.5161      564.5161      564.5161      564.5161      564.5161

total_bhlen
  mean               54066.2963             0      321.3874             0             0             0
  std. dev.           62630.692       162.398      458.1115       162.398       162.398       162.398
  weight sum                199           667           667           667           667           667
  precision            974.3881      974.3881      974.3881      974.3881      974.3881      974.3881


=== Dedicated test set ===
=== Summary of NB ===

Correctly Classified Instances         644               72.7684 %
Incorrectly Classified Instances       241               27.2316 %
Kappa statistic                          0.6675
Mean absolute error                      0.0883
Root mean squared error                  0.2695
Relative absolute error                 32.3442 %
Root relative squared error             72.9437 %
Total Number of Instances              885     
=== Detailed Accuracy By Class ===

                 TP Rate  FP Rate  Precision  Recall   F-Measure  MCC      ROC Area  PRC Area  Class
                 0.980    0.002    0.961      0.980    0.970      0.969    0.999     0.961     tcpFlood
                 0.958    0.000    1.000      0.958    0.979      0.974    1.000     1.000     httpFlood
                 0.653    0.088    0.634      0.653    0.643      0.559    0.867     0.737     slowRead
                 0.617    0.118    0.548      0.617    0.580      0.477    0.879     0.585     slowHeaders
                 0.976    0.000    1.000      0.976    0.988      0.985    1.000     1.000     udpFlood
                 0.359    0.127    0.397      0.359    0.377      0.242    0.841     0.418     slowBody
Weighted Avg.    0.728    0.063    0.730      0.728    0.728      0.665    0.922     0.760     
=== Confusion Matrix ===

   a   b   c   d   e   f   <-- classified as
  49   0   1   0   0   0 |   a = tcpFlood
   0 160   1   0   0   6 |   b = httpFlood
   0   0 109  14   0  44 |   c = slowRead
   0   0  25 103   0  39 |   d = slowHeaders
   1   0   1   0 163   2 |   e = udpFlood
   1   0  35  71   0  60 |   f = slowBody
