=== Classifier ===
Naive Bayes Classifier

                                    Class
Attribute                        tcpFlood      normal   httpFlood    slowRead slowHeaders    udpFlood    slowBody
                                   (0.11)      (0.34)      (0.11)      (0.11)      (0.11)      (0.09)      (0.11)
==================================================================================================================
duration
  mean                                   0      3.4888      0.3436      8.5126      9.4846           0      7.7369
  std. dev.                         0.7266     20.4908      1.1747     10.1015     10.8813      0.7266       8.878
  weight sum                           444        1332         444         444         444         372         444
  precision                         4.3594      4.3594      4.3594      4.3594      4.3594      4.3594      4.3594

protocol_type
  tcp                                445.0      1333.0       445.0       445.0       445.0         1.0       445.0
  icmp                                 1.0         1.0         1.0         1.0         1.0         1.0         1.0
  udp                                  1.0         1.0         1.0         1.0         1.0       373.0         1.0
  [total]                            447.0      1335.0       447.0       447.0       447.0       375.0       447.0

flag
  OTH                                445.0       819.0       108.0       172.0       178.0       373.0       147.0
  REJ                                  1.0         1.0         1.0         1.0         1.0         1.0         1.0
  RSTO                                 1.0        23.0        53.0        56.0        69.0         1.0        36.0
  RSTOS0                               1.0         1.0         1.0         1.0         1.0         1.0         1.0
  RSTR                                 1.0        15.0         1.0         1.0         1.0         1.0         1.0
  S0                                   1.0         1.0         1.0         1.0         1.0         1.0         1.0
  S1                                   1.0        27.0        13.0       219.0       197.0         1.0       254.0
  S2                                   1.0        12.0         1.0         1.0         3.0         1.0        11.0
  S3                                   1.0        14.0       274.0         1.0         1.0         1.0         1.0
  SF                                   1.0       429.0         1.0         1.0         2.0         1.0         1.0
  SH                                   1.0         1.0         1.0         1.0         1.0         1.0         1.0
  [total]                            455.0      1343.0       455.0       455.0       455.0       383.0       455.0

src_bytes
  mean                            138.6815    591.0843    311.3321    397.6574    401.3972           0    380.2054
  std. dev.                        23.0616   2101.1166    176.8454    560.5604    483.0748     23.0616    549.9523
  weight sum                           444        1332         444         444         444         372         444
  precision                       138.3698    138.3698    138.3698    138.3698    138.3698    138.3698    138.3698

dst_bytes
  mean                                   0   5572.0765           0           0      62.374           0      93.561
  std. dev.                      1153.9188  31167.5009   1153.9188   1153.9188   1153.9188   1153.9188   1153.9188
  weight sum                           444        1332         444         444         444         372         444
  precision                       6923.513    6923.513    6923.513    6923.513    6923.513    6923.513    6923.513

wrong_fragment
  mean                                   0           0           0           0           0           0           0
  std. dev.                         0.0017      0.0017      0.0017      0.0017      0.0017      0.0017      0.0017
  weight sum                           444        1332         444         444         444         372         444
  precision                           0.01        0.01        0.01        0.01        0.01        0.01        0.01

urgent
  mean                                   0           0           0           0           0           0           0
  std. dev.                         0.0017      0.0017      0.0017      0.0017      0.0017      0.0017      0.0017
  weight sum                           444        1332         444         444         444         372         444
  precision                           0.01        0.01        0.01        0.01        0.01        0.01        0.01

count
  mean                          12134.0136   1578.0231    300.6371    428.2056    343.1152     108.413    367.8968
  std. dev.                       7067.041   1738.5237    267.8715     298.831    273.5536     37.2297    272.3001
  weight sum                           444        1332         444         444         444         372         444
  precision                        14.9093     14.9093     14.9093     14.9093     14.9093     14.9093     14.9093

srv_count
  mean                          12133.8646   1587.5013    278.1684    427.8035    343.2608    107.9064    367.6326
  std. dev.                      7067.3726   1730.1435    239.0735    299.1067    273.6434     36.9365    272.1905
  weight sum                           444        1332         444         444         444         372         444
  precision                        14.9669     14.9669     14.9669     14.9669     14.9669     14.9669     14.9669

serror_rate
  mean                                   0      0.0157      0.5187      0.4367      0.3912           0      0.5263
  std. dev.                         0.0018       0.093       0.457      0.4754      0.4471      0.0018      0.4576
  weight sum                           444        1332         444         444         444         372         444
  precision                         0.0106      0.0106      0.0106      0.0106      0.0106      0.0106      0.0106

srv_serror_rate
  mean                                   0      0.0183      0.5405      0.4374      0.3922           0      0.5271
  std. dev.                         0.0018      0.0833      0.4601      0.4761      0.4483      0.0018      0.4583
  weight sum                           444        1332         444         444         444         372         444
  precision                         0.0108      0.0108      0.0108      0.0108      0.0108      0.0108      0.0108

rerror_rate
  mean                                   0           0           0           0           0           0           0
  std. dev.                         0.0017      0.0017      0.0017      0.0017      0.0017      0.0017      0.0017
  weight sum                           444        1332         444         444         444         372         444
  precision                           0.01        0.01        0.01        0.01        0.01        0.01        0.01

srv_rerror_rate
  mean                                   0           0           0           0           0           0           0
  std. dev.                         0.0017      0.0017      0.0017      0.0017      0.0017      0.0017      0.0017
  weight sum                           444        1332         444         444         444         372         444
  precision                           0.01        0.01        0.01        0.01        0.01        0.01        0.01

same_srv_rate
  mean                                   1        0.93      0.9188      0.9991      0.9942      0.9973      0.9982
  std. dev.                          0.003      0.2548      0.2058      0.0048      0.0671      0.0518      0.0086
  weight sum                           444        1332         444         444         444         372         444
  precision                         0.0179      0.0179      0.0179      0.0179      0.0179      0.0179      0.0179

diff_srv_rate
  mean                                   0      0.0002      0.0812      0.0009      0.0035           0      0.0018
  std. dev.                          0.003      0.0053      0.2058      0.0048      0.0477       0.003      0.0086
  weight sum                           444        1332         444         444         444         372         444
  precision                         0.0179      0.0179      0.0179      0.0179      0.0179      0.0179      0.0179

srv_diff_host_rate
  mean                                   0      0.1637      0.0643           0           0           0           0
  std. dev.                         0.0018      0.3239      0.1634      0.0018      0.0018      0.0018      0.0018
  weight sum                           444        1332         444         444         444         372         444
  precision                         0.0105      0.0105      0.0105      0.0105      0.0105      0.0105      0.0105

dst_host_count
  mean                             69.3401     49.8874     84.4707     82.2455     79.6982     31.7392     83.1216
  std. dev.                         4.1334     34.7037     27.7006     23.4578     25.4204      7.5116     25.2249
  weight sum                           444        1332         444         444         444         372         444
  precision                              1           1           1           1           1           1           1

dst_host_srv_count
  mean                             69.3401     57.6689      84.009     82.2072     79.6644     31.7392     83.0878
  std. dev.                         4.1334     27.9927     28.1358     23.4478     25.4224      7.5116     25.2364
  weight sum                           444        1332         444         444         444         372         444
  precision                              1           1           1           1           1           1           1

dst_host_same_srv_rate
  mean                                   1      0.9441      0.9849           1      0.9977      0.9973      0.9999
  std. dev.                         0.0083      0.2286      0.1013      0.0083      0.0474      0.0518      0.0083
  weight sum                           444        1332         444         444         444         372         444
  precision                           0.05        0.05        0.05        0.05        0.05        0.05        0.05

dst_host_diff_srv_rate
  mean                                   0      0.0011       0.015           0           0           0      0.0001
  std. dev.                         0.0087      0.0248       0.101      0.0087      0.0087      0.0087      0.0087
  weight sum                           444        1332         444         444         444         372         444
  precision                         0.0521      0.0521      0.0521      0.0521      0.0521      0.0521      0.0521

dst_host_same_src_port_rate
  mean                              0.0193      0.3111      0.1299      0.0018      0.0038      0.9607      0.0036
  std. dev.                         0.0154      0.4128      0.3283       0.008      0.0255      0.0606      0.0228
  weight sum                           444        1332         444         444         444         372         444
  precision                          0.011       0.011       0.011       0.011       0.011       0.011       0.011

dst_host_srv_diff_host_rate
  mean                                   0      0.1834      0.0129           0           0           0           0
  std. dev.                         0.0019      0.3478      0.0872      0.0019      0.0019      0.0019      0.0019
  weight sum                           444        1332         444         444         444         372         444
  precision                         0.0114      0.0114      0.0114      0.0114      0.0114      0.0114      0.0114

dst_host_serror_rate
  mean                                   0      0.0326      0.6128      0.4692      0.4184           0      0.5659
  std. dev.                         0.0021      0.1703      0.4784      0.4854      0.4605      0.0021      0.4657
  weight sum                           444        1332         444         444         444         372         444
  precision                         0.0125      0.0125      0.0125      0.0125      0.0125      0.0125      0.0125

dst_host_srv_serror_rate
  mean                                   0      0.0363      0.6144      0.4693      0.4184           0       0.566
  std. dev.                          0.002      0.1679      0.4781      0.4855      0.4605       0.002      0.4656
  weight sum                           444        1332         444         444         444         372         444
  precision                         0.0119      0.0119      0.0119      0.0119      0.0119      0.0119      0.0119

dst_host_rerror_rate
  mean                                   0           0           0           0           0           0           0
  std. dev.                         0.0017      0.0017      0.0017      0.0017      0.0017      0.0017      0.0017
  weight sum                           444        1332         444         444         444         372         444
  precision                           0.01        0.01        0.01        0.01        0.01        0.01        0.01

dst_host_srv_rerror_rate
  mean                                   0           0           0           0           0           0           0
  std. dev.                         0.0017      0.0017      0.0017      0.0017      0.0017      0.0017      0.0017
  weight sum                           444        1332         444         444         444         372         444
  precision                           0.01        0.01        0.01        0.01        0.01        0.01        0.01


=== Dedicated test set ===
=== Summary of NB ===

Correctly Classified Instances         482               49.1335 %
Incorrectly Classified Instances       499               50.8665 %
Kappa statistic                          0.4017
Mean absolute error                      0.1421
Root mean squared error                  0.3358
Relative absolute error                 61.2667 %
Root relative squared error             98.6172 %
Total Number of Instances              981     
=== Detailed Accuracy By Class ===

                 TP Rate  FP Rate  Precision  Recall   F-Measure  MCC      ROC Area  PRC Area  Class
                 1.000    0.051    0.716      1.000    0.835      0.825    1.000     1.000     tcpFlood
                 0.486    0.009    0.964      0.486    0.647      0.600    0.985     0.945     normal
                 0.171    0.128    0.146      0.171    0.158      0.041    0.649     0.295     httpFlood
                 0.766    0.282    0.258      0.766    0.385      0.325    0.809     0.293     slowRead
                 0.000    0.008    0.000      0.000    0.000      -0.030   0.803     0.234     slowHeaders
                 1.000    0.018    0.853      1.000    0.921      0.915    0.992     0.861     udpFlood
                 0.108    0.080    0.146      0.108    0.124      0.032    0.792     0.220     slowBody
Weighted Avg.    0.491    0.067    0.551      0.491    0.477      0.425    0.887     0.633     
=== Confusion Matrix ===

   a   b   c   d   e   f   g   <-- classified as
 111   0   0   0   0   0   0 |   a = tcpFlood
   1 162 111   0   3   0  56 |   b = normal
   3   5  19  67   0  16   1 |   c = httpFlood
  17   1   0  85   1   0   7 |   d = slowRead
  15   0   0  90   0   0   6 |   e = slowHeaders
   0   0   0   0   0  93   0 |   f = udpFlood
   8   0   0  88   3   0  12 |   g = slowBody
