=== Classifier ===
Naive Bayes Classifier

                         Class
Attribute             tcpFlood     httpFlood      slowRead   slowHeaders      udpFlood      slowBody
                        (0.17)        (0.17)        (0.17)        (0.17)        (0.17)        (0.17)
=====================================================================================================
total_fpackets
  mean                1261.0555             0             0             0     7968.8111             0
  std. dev.            909.4137       10.6595       10.6595       10.6595     2320.0139       10.6595
  weight sum                 99            99            99            99            99            99
  precision             63.9572       63.9572       63.9572       63.9572       63.9572       63.9572

total_fvolume
  mean              147423.6487             0     1521.5066     1432.8751   318733.4738      1462.419
  std. dev.          88204.9828      243.7365      461.0161      243.7365    92905.6999      243.7365
  weight sum                 99            99            99            99            99            99
  precision            1462.419      1462.419      1462.419      1462.419      1462.419      1462.419

total_bpackets
  mean                 670.7016             0             0             0             0             0
  std. dev.            593.6837        6.1515        6.1515        6.1515        6.1515        6.1515
  weight sum                 99            99            99            99            99            99
  precision             36.9091       36.9091       36.9091       36.9091       36.9091       36.9091

total_bvolume
  mean               36953.0303             0     3347.0101     1919.8586             0      458.7273
  std. dev.          31966.9002      280.3333     3851.1271     1773.1465      280.3333      1720.935
  weight sum                 99            99            99            99            99            99
  precision                1682          1682          1682          1682          1682          1682

min_fpktl
  mean                  64.9091            63            63            63            63            63
  std. dev.              18.899          10.5          10.5          10.5          10.5          10.5
  weight sum                 99            99            99            99            99            99
  precision                  63            63            63            63            63            63

mean_fpktl
  mean                  145.773       59.9529       95.5094       96.2015       42.8235      106.9291
  std. dev.             92.5172        1.4275       46.8692        7.2866        1.4275        6.9253
  weight sum                 99            99            99            99            99            99
  precision              8.5647        8.5647        8.5647        8.5647        8.5647        8.5647

max_fpktl
  mean                2345.9296       78.5946      385.0341      313.5845       78.5946      389.7974
  std. dev.            816.8068       13.0991        34.422       13.0991       13.0991       22.1151
  weight sum                 99            99            99            99            99            99
  precision             78.5946       78.5946       78.5946       78.5946       78.5946       78.5946

std_fpktl
  mean                 234.6393       16.0645      105.6364       88.2737             0      119.1857
  std. dev.            128.9326        1.3387       25.3839        3.3275        1.3387        9.0405
  weight sum                 99            99            99            99            99            99
  precision              8.0323        8.0323        8.0323        8.0323        8.0323        8.0323

min_bpktl
  mean                  60.3838            61       60.1785            61             0            61
  std. dev.              6.0997        3.3889        4.0037        3.3889        3.3889        3.3889
  weight sum                 99            99            99            99            99            99
  precision             20.3333       20.3333       20.3333       20.3333       20.3333       20.3333

mean_bpktl
  mean                        0      184.3125      448.6799      236.4413             0      221.5473
  std. dev.             30.7188       30.7188      619.4708      296.4324       30.7188      259.3107
  weight sum                 99            99            99            99            99            99
  precision            184.3125      184.3125      184.3125      184.3125      184.3125      184.3125

max_bpktl
  mean                    55.25        607.75     1080.4444      705.9722             0      681.4167
  std. dev.            174.7158      101.2917     1192.4308      564.5108      101.2917       513.029
  weight sum                 99            99            99            99            99            99
  precision              607.75        607.75        607.75        607.75        607.75        607.75

std_bpktl
  mean                        0        177.15      445.5591      230.8318             0      216.5167
  std. dev.              29.525        29.525      642.6142      306.7858        29.525      274.1571
  weight sum                 99            99            99            99            99            99
  precision              177.15        177.15        177.15        177.15        177.15        177.15

min_fiat
  mean                4317.5745       155.355      847.9794     1229.8938       19.4194     1229.8938
  std. dev.          29655.4714      289.3422      453.8579      235.3584      142.7027      217.0187
  weight sum                 99            99            99            99            99            99
  precision            640.8394      640.8394      640.8394      640.8394      640.8394      640.8394

mean_fiat
  mean               57371.6465    17321.2715   237104.7036    10071.5347     3448.0455     7426.5596
  std. dev.         108668.9461     4695.4684     69368.318     9429.9417      731.7347     3488.6122
  weight sum                 99            99            99            99            99            99
  precision            729.3942      729.3942      729.3942      729.3942      729.3942      729.3942

max_fiat
  mean              597525.4497    47412.1722   1141945.623    26507.0934   403162.8706    19151.6027
  std. dev.         214375.4649     9800.6091   348472.1445    23173.7513   157746.8091     10488.472
  weight sum                 99            99            99            99            99            99
  precision           2254.4693     2254.4693     2254.4693     2254.4693     2254.4693     2254.4693

std_fiat
  mean               79872.3832    25713.0244   449204.0934    14245.7939      7656.888    10109.6263
  std. dev.         105896.2998     4109.9325    141301.198    12103.0366     2423.9985     5935.3792
  weight sum                 99            99            99            99            99            99
  precision            896.0188      896.0188      896.0188      896.0188      896.0188      896.0188

min_biat
  mean                   4.1362      209.4422      130.4783       308.523             0     2746.8133
  std. dev.             11.6989      287.9654      105.2072      602.8954        3.1022     1098.3352
  weight sum                 99            99            99            99            99            99
  precision             18.6129       18.6129       18.6129       18.6129       18.6129       18.6129

mean_biat
  mean               13306.2781     5136.3009   221148.0145     3755.2412             0     2901.7773
  std. dev.           7982.3831     7803.2944    87607.0449    21038.5658      128.0196      613.2859
  weight sum                 99            99            99            99            99            99
  precision            768.1175      768.1175      768.1175      768.1175      768.1175      768.1175

max_biat
  mean              444163.2263    13494.9487   753142.9487     8112.5703             0     3861.2715
  std. dev.         287490.9021    23633.4089   291865.1987    42085.7118      643.5452      643.5452
  weight sum                 99            99            99            99            99            99
  precision           3861.2715     3861.2715     3861.2715     3861.2715     3861.2715     3861.2715

std_biat
  mean               32846.2736     7783.1836   304927.3796     4975.4569             0      309.6757
  std. dev.          19542.0415    13324.1044   118584.3299    29849.8858      340.6433      732.8266
  weight sum                 99            99            99            99            99            99
  precision           2043.8599     2043.8599     2043.8599     2043.8599     2043.8599     2043.8599

duration
  mean             14861340.587  9960237.1509 25371436.5156 30286611.1409 26926302.9215 30978264.2097
  std. dev.        5229455.7969  4244659.4265 10726376.5106   4351511.817   6240410.083  4448926.6325
  weight sum                 99            99            99            99            99            99
  precision          53578.7589    53578.7589    53578.7589    53578.7589    53578.7589    53578.7589

min_active
  mean             9838896.5123             0    22572.7479             0 26930699.0999             0
  std. dev.        5616592.1711    23278.1463   118624.4349    23278.1463  6253823.1284    23278.1463
  weight sum                 99            99            99            99            99            99
  precision         139668.8779   139668.8779   139668.8779   139668.8779   139668.8779   139668.8779

mean_active
  mean             9201595.9372    14745.3325   284228.9954     1016.9195 26935146.3323             0
  std. dev.        5688825.1886    22908.9187   157778.2611    10066.9893  6246844.5462     8389.5857
  weight sum                 99            99            99            99            99            99
  precision          50337.5144    50337.5144    50337.5144    50337.5144    50337.5144    50337.5144

max_active
  mean            10193011.2862    62242.7237  1450969.7231    30100.9893 26933753.0317     11734.284
  std. dev.        5096243.8336    25712.5777   402458.3866    45357.8253  6250185.4465    21330.4232
  weight sum                 99            99            99            99            99            99
  precision          50508.4397    50508.4397    50508.4397    50508.4397    50508.4397    50508.4397

std_active
  mean              739682.0101    36908.2616    620614.947    13398.2046             0     5055.9262
  std. dev.        1882746.4578     20846.118   179274.4756    20531.0451     4171.1392    10048.4547
  weight sum                 99            99            99            99            99            99
  precision          25026.8349    25026.8349    25026.8349    25026.8349    25026.8349    25026.8349

min_idle
  mean              722340.0491  4678260.1016  1665219.1953  1018130.6623             0   977897.1784
  std. dev.        1529512.8394  5023510.3593   532555.6787   445070.1997     6146.7823   140692.9615
  weight sum                 99            99            99            99            99            99
  precision          36880.6936    36880.6936    36880.6936    36880.6936    36880.6936    36880.6936

mean_idle
  mean              1506303.366  6626230.3877  5044329.7741  7640963.5916             0  7739127.1817
  std. dev.        2722470.0079  4308033.0366  1687840.8218  1338509.4407     6205.7442  1111559.0289
  weight sum                 99            99            99            99            99            99
  precision          37234.4652    37234.4652    37234.4652    37234.4652    37234.4652    37234.4652

max_idle
  mean             2608958.6153  8567282.3239 11345755.0539 10751481.4335             0 10457916.7599
  std. dev.        4782537.2678  4482055.6497  4598919.0469  2142800.0598    10716.4095   1501669.332
  weight sum                 99            99            99            99            99            99
  precision          64298.4573    64298.4573    64298.4573    64298.4573    64298.4573    64298.4573

std_idle
  mean              976169.0951  2753199.9409   3912281.905  4541639.0738             0   4511216.975
  std. dev.        2024377.1689  2866026.0609  1705166.4397  1184805.3981     6274.5579   647997.6225
  weight sum                 99            99            99            99            99            99
  precision          37647.3473    37647.3473    37647.3473    37647.3473    37647.3473    37647.3473

sflow_fpackets
  mean                 1165.798             0             0             0     7967.2929             0
  std. dev.            923.0647       11.0741       11.0741       11.0741     2316.9602       11.0741
  weight sum                 99            99            99            99            99            99
  precision             66.4444       66.4444       66.4444       66.4444       66.4444       66.4444

sflow_fbytes
  mean              134267.9812             0        56.845       37.8967   318805.9249             0
  std. dev.          90891.2528      312.6477      321.5641      312.6477    92955.0787      312.6477
  weight sum                 99            99            99            99            99            99
  precision           1875.8863     1875.8863     1875.8863     1875.8863     1875.8863     1875.8863

sflow_bpackets
  mean                 620.9793             0             0             0             0             0
  std. dev.            594.6885        6.2325        6.2325        6.2325        6.2325        6.2325
  weight sum                 99            99            99            99            99            99
  precision             37.3947       37.3947       37.3947       37.3947       37.3947       37.3947

sflow_bbytes
  mean               34225.9849             0      970.0899      287.9954             0      242.5225
  std. dev.          32171.5005      250.1013     2378.0617     1741.6139      250.1013     1688.9736
  weight sum                 99            99            99            99            99            99
  precision           1500.6078     1500.6078     1500.6078     1500.6078     1500.6078     1500.6078

fpsh_cnt
  mean                 1252.441             0             0             0             0             0
  std. dev.            901.5072        7.8966        7.8966        7.8966        7.8966        7.8966
  weight sum                 99            99            99            99            99            99
  precision             47.3793       47.3793       47.3793       47.3793       47.3793       47.3793

bpsh_cnt
  mean                   0.0909             1        0.9596             1             0             1
  std. dev.              0.2875        0.1667        0.1969        0.1667        0.1667        0.1667
  weight sum                 99            99            99            99            99            99
  precision                   1             1             1             1             1             1

furg_cnt
  mean                        0             0             0             0             0             0
  std. dev.              0.0017        0.0017        0.0017        0.0017        0.0017        0.0017
  weight sum                 99            99            99            99            99            99
  precision                0.01          0.01          0.01          0.01          0.01          0.01

burg_cnt
  mean                        0             0             0             0             0             0
  std. dev.              0.0017        0.0017        0.0017        0.0017        0.0017        0.0017
  weight sum                 99            99            99            99            99            99
  precision                0.01          0.01          0.01          0.01          0.01          0.01

total_fhlen
  mean               65615.3694             0     1018.5779       23.6879   159348.2274       23.6879
  std. dev.          46892.1646      195.4248      396.0196      195.4248    46430.1222      195.4248
  weight sum                 99            99            99            99            99            99
  precision            1172.549      1172.549      1172.549      1172.549      1172.549      1172.549

total_bhlen
  mean               36872.5647             0             0             0             0             0
  std. dev.          31864.4744      299.1137      299.1137      299.1137      299.1137      299.1137
  weight sum                 99            99            99            99            99            99
  precision           1794.6824     1794.6824     1794.6824     1794.6824     1794.6824     1794.6824


=== Dedicated test set ===
=== Summary of NB ===

Correctly Classified Instances         145               96.6667 %
Incorrectly Classified Instances         5                3.3333 %
Kappa statistic                          0.96  
Mean absolute error                      0.0111
Root mean squared error                  0.1054
Relative absolute error                  3.9985 %
Root relative squared error             28.2698 %
Total Number of Instances              150     
=== Detailed Accuracy By Class ===

                 TP Rate  FP Rate  Precision  Recall   F-Measure  MCC      ROC Area  PRC Area  Class
                 0.960    0.000    1.000      0.960    0.980      0.976    1.000     1.000     tcpFlood
                 0.880    0.000    1.000      0.880    0.936      0.927    0.917     0.900     httpFlood
                 1.000    0.032    0.862      1.000    0.926      0.914    0.984     0.862     slowRead
                 0.960    0.000    1.000      0.960    0.980      0.976    1.000     1.000     slowHeaders
                 1.000    0.000    1.000      1.000    1.000      1.000    1.000     1.000     udpFlood
                 1.000    0.008    0.962      1.000    0.980      0.977    1.000     1.000     slowBody
Weighted Avg.    0.967    0.007    0.971      0.967    0.967      0.961    0.983     0.960     
=== Confusion Matrix ===

  a  b  c  d  e  f   <-- classified as
 24  0  1  0  0  0 |  a = tcpFlood
  0 22  3  0  0  0 |  b = httpFlood
  0  0 25  0  0  0 |  c = slowRead
  0  0  0 24  0  1 |  d = slowHeaders
  0  0  0  0 25  0 |  e = udpFlood
  0  0  0  0  0 25 |  f = slowBody
