=== Classifier ===
Naive Bayes Classifier

                                    Class
Attribute                        tcpFlood      normal   httpFlood    slowRead slowHeaders    udpFlood    slowBody
                                   (0.15)      (0.15)      (0.15)      (0.15)      (0.15)       (0.1)      (0.15)
==================================================================================================================
duration
  mean                                   0      0.7241      0.2287      9.0127      9.4509           0      8.7078
  std. dev.                         1.8133     12.2129      1.8133     10.3546     11.9701      1.8133       9.863
  weight sum                           571         571         571         571         571         372         571
  precision                          10.88       10.88       10.88       10.88       10.88       10.88       10.88

protocol_type
  tcp                                572.0       572.0       572.0       572.0       572.0         1.0       572.0
  icmp                                 1.0         1.0         1.0         1.0         1.0         1.0         1.0
  udp                                  1.0         1.0         1.0         1.0         1.0       373.0         1.0
  [total]                            574.0       574.0       574.0       574.0       574.0       375.0       574.0

flag
  OTH                                572.0         1.0       156.0       202.0       213.0       373.0       182.0
  REJ                                  1.0        46.0         1.0         1.0         1.0         1.0         1.0
  RSTO                                 1.0         2.0        62.0        67.0       100.0         1.0        51.0
  RSTOS0                               1.0         1.0         1.0         1.0         1.0         1.0         1.0
  RSTR                                 1.0         1.0         1.0         1.0         1.0         1.0         1.0
  S0                                   1.0         3.0         1.0         1.0         1.0         1.0         1.0
  S1                                   1.0         2.0        14.0       305.0       255.0         1.0       328.0
  S2                                   1.0         3.0         1.0         1.0         6.0         1.0        14.0
  S3                                   1.0         1.0       343.0         1.0         1.0         1.0         1.0
  SF                                   1.0       521.0         1.0         1.0         2.0         1.0         1.0
  SH                                   1.0         1.0         1.0         1.0         1.0         1.0         1.0
  [total]                            582.0       582.0       582.0       582.0       582.0       383.0       582.0

src_bytes
  mean                             79.0058    238.6352    294.8393    445.7781    429.1716     58.9575    417.8654
  std. dev.                         9.4497      90.705    144.4164    630.6544    555.8032      1.6377    641.6448
  weight sum                           571         571         571         571         571         372         571
  precision                         9.8263      9.8263      9.8263      9.8263      9.8263      9.8263      9.8263

dst_bytes
  mean                                   0   3910.8207    500.7926    289.3061    263.6714           0     96.1302
  std. dev.                        29.0425   7161.8904    318.9451    920.1107   1054.6119     29.0425     270.233
  weight sum                           571         571         571         571         571         372         571
  precision                       174.2551    174.2551    174.2551    174.2551    174.2551    174.2551    174.2551

wrong_fragment
  mean                                   0           0           0           0           0           0           0
  std. dev.                         0.0017      0.0017      0.0017      0.0017      0.0017      0.0017      0.0017
  weight sum                           571         571         571         571         571         372         571
  precision                           0.01        0.01        0.01        0.01        0.01        0.01        0.01

urgent
  mean                                   0           0           0           0           0           0           0
  std. dev.                         0.0017      0.0017      0.0017      0.0017      0.0017      0.0017      0.0017
  weight sum                           571         571         571         571         571         372         571
  precision                           0.01        0.01        0.01        0.01        0.01        0.01        0.01

count
  mean                          12675.3788       8.079    301.2161    406.2427    356.7715    109.7189    383.4687
  std. dev.                      7122.8359     11.3356    276.5105    296.4713    283.5312     34.2651    282.1249
  weight sum                           571         571         571         571         571         372         571
  precision                        18.9839     18.9839     18.9839     18.9839     18.9839     18.9839     18.9839

srv_count
  mean                          12675.4341      11.894    277.9186    405.7712    356.6873    109.6432    383.7254
  std. dev.                      7123.1551     14.7253    246.8913    296.3617    283.4655     34.5476    282.1422
  weight sum                           571         571         571         571         571         372         571
  precision                         19.131      19.131      19.131      19.131      19.131      19.131      19.131

serror_rate
  mean                                   0      0.0098      0.4917      0.4885      0.4062           0      0.5282
  std. dev.                         0.0018      0.0725      0.4547      0.4804      0.4416      0.0018      0.4571
  weight sum                           571         571         571         571         571         372         571
  precision                         0.0108      0.0108      0.0108      0.0108      0.0108      0.0108      0.0108

srv_serror_rate
  mean                                   0      0.0099      0.5149      0.4894      0.4077           0      0.5291
  std. dev.                         0.0017      0.0707      0.4588      0.4812      0.4431      0.0017      0.4576
  weight sum                           571         571         571         571         571         372         571
  precision                         0.0101      0.0101      0.0101      0.0101      0.0101      0.0101      0.0101

rerror_rate
  mean                                   0      0.0796           0           0           0           0           0
  std. dev.                         0.0185      0.2657      0.0185      0.0185      0.0185      0.0185      0.0185
  weight sum                           571         571         571         571         571         372         571
  precision                         0.1111      0.1111      0.1111      0.1111      0.1111      0.1111      0.1111

srv_rerror_rate
  mean                                   0        0.08           0           0           0           0           0
  std. dev.                         0.0128      0.2655      0.0128      0.0128      0.0128      0.0128      0.0128
  weight sum                           571         571         571         571         571         372         571
  precision                         0.0769      0.0769      0.0769      0.0769      0.0769      0.0769      0.0769

same_srv_rate
  mean                                   1           1      0.9176      0.9986      0.9985      0.9973      0.9959
  std. dev.                         0.0028      0.0028       0.205      0.0075      0.0104      0.0518       0.045
  weight sum                           571         571         571         571         571         372         571
  precision                         0.0169      0.0169      0.0169      0.0169      0.0169      0.0169      0.0169

diff_srv_rate
  mean                                   0           0      0.0827      0.0014      0.0015           0      0.0024
  std. dev.                         0.0028      0.0028      0.2056      0.0076      0.0105      0.0028       0.017
  weight sum                           571         571         571         571         571         372         571
  precision                         0.0171      0.0171      0.0171      0.0171      0.0171      0.0171      0.0171

srv_diff_host_rate
  mean                                   0      0.1323      0.0669           0           0           0           0
  std. dev.                         0.0026      0.2336      0.1636      0.0026      0.0026      0.0026      0.0026
  weight sum                           571         571         571         571         571         372         571
  precision                         0.0159      0.0159      0.0159      0.0159      0.0159      0.0159      0.0159

dst_host_count
  mean                             69.1214    124.4588     83.1118      82.169     80.0797     31.6686     83.3991
  std. dev.                         4.5587    103.7569      28.941     24.1336     25.9173      7.1955     25.0014
  weight sum                           571         571         571         571         571         372         571
  precision                         1.4912      1.4912      1.4912      1.4912      1.4912      1.4912      1.4912

dst_host_srv_count
  mean                             69.0825    244.7189     83.4278     82.5347     80.4238     31.9169     83.8776
  std. dev.                         4.5734     40.2482     29.2556     24.7158     26.5071      7.2245     25.5568
  weight sum                           571         571         571         571         571         372         571
  precision                         1.8345      1.8345      1.8345      1.8345      1.8345      1.8345      1.8345

dst_host_same_srv_rate
  mean                                   1      0.9983      0.9857      0.9996      0.9998      0.9973       0.998
  std. dev.                         0.0067       0.012      0.0941      0.0067      0.0067      0.0518      0.0419
  weight sum                           571         571         571         571         571         372         571
  precision                           0.04        0.04        0.04        0.04        0.04        0.04        0.04

dst_host_diff_srv_rate
  mean                                   0      0.0001      0.0145           0           0           0      0.0003
  std. dev.                          0.008       0.008      0.0953       0.008       0.008       0.008       0.008
  weight sum                           571         571         571         571         571         372         571
  precision                          0.048       0.048       0.048       0.048       0.048       0.048       0.048

dst_host_same_src_port_rate
  mean                              0.0163      0.0763      0.1407      0.0026       0.004      0.9644       0.003
  std. dev.                          0.019      0.1931      0.3383      0.0162        0.02      0.0567      0.0176
  weight sum                           571         571         571         571         571         372         571
  precision                         0.0256      0.0256      0.0256      0.0256      0.0256      0.0256      0.0256

dst_host_srv_diff_host_rate
  mean                                   0      0.0313      0.0165           0           0           0           0
  std. dev.                         0.0039      0.0557      0.0949      0.0039      0.0039      0.0039      0.0039
  weight sum                           571         571         571         571         571         372         571
  precision                         0.0233      0.0233      0.0233      0.0233      0.0233      0.0233      0.0233

dst_host_serror_rate
  mean                                   0      0.0042      0.5943      0.5147      0.4303           0      0.5772
  std. dev.                         0.0019      0.0342      0.4805      0.4889      0.4574      0.0019      0.4713
  weight sum                           571         571         571         571         571         372         571
  precision                         0.0112      0.0112      0.0112      0.0112      0.0112      0.0112      0.0112

dst_host_srv_serror_rate
  mean                                   0      0.0011      0.5969      0.5149      0.4305           0      0.5771
  std. dev.                         0.0019      0.0052      0.4803      0.4891      0.4576      0.0019      0.4714
  weight sum                           571         571         571         571         571         372         571
  precision                         0.0115      0.0115      0.0115      0.0115      0.0115      0.0115      0.0115

dst_host_rerror_rate
  mean                                   0      0.0777           0           0           0           0           0
  std. dev.                         0.0072       0.258      0.0072      0.0072      0.0072      0.0072      0.0072
  weight sum                           571         571         571         571         571         372         571
  precision                         0.0435      0.0435      0.0435      0.0435      0.0435      0.0435      0.0435

dst_host_srv_rerror_rate
  mean                                   0      0.0794           0           0           0           0           0
  std. dev.                         0.0051      0.2524      0.0051      0.0051      0.0051      0.0051      0.0051
  weight sum                           571         571         571         571         571         372         571
  precision                         0.0303      0.0303      0.0303      0.0303      0.0303      0.0303      0.0303


=== Dedicated test set ===
=== Summary of NB ===

Correctly Classified Instances         507               53.3123 %
Incorrectly Classified Instances       444               46.6877 %
Kappa statistic                          0.4544
Mean absolute error                      0.131 
Root mean squared error                  0.3239
Relative absolute error                 53.6563 %
Root relative squared error             92.687  %
Total Number of Instances              951     
=== Detailed Accuracy By Class ===

                 TP Rate  FP Rate  Precision  Recall   F-Measure  MCC      ROC Area  PRC Area  Class
                 1.000    0.161    0.524      1.000    0.688      0.663    1.000     1.000     tcpFlood
                 0.979    0.000    1.000      0.979    0.989      0.988    0.998     0.994     normal
                 0.217    0.002    0.939      0.217    0.352      0.419    0.923     0.827     httpFlood
                 0.517    0.276    0.249      0.517    0.336      0.186    0.751     0.290     slowRead
                 0.126    0.071    0.240      0.126    0.165      0.073    0.742     0.268     slowHeaders
                 1.000    0.020    0.845      1.000    0.916      0.910    0.991     0.853     udpFlood
                 0.056    0.019    0.348      0.056    0.096      0.087    0.794     0.336     slowBody
Weighted Avg.    0.533    0.081    0.579      0.533    0.485      0.452    0.880     0.642     
=== Confusion Matrix ===

   a   b   c   d   e   f   g   <-- classified as
 143   0   0   0   0   0   0 |   a = tcpFlood
   0 140   2   0   1   0   0 |   b = normal
   3   0  31  77  16  16   0 |   c = httpFlood
  43   0   0  74  21   1   4 |   d = slowRead
  45   0   0  69  18   0  11 |   e = slowHeaders
   0   0   0   0   0  93   0 |   f = udpFlood
  39   0   0  77  19   0   8 |   g = slowBody
