=== Classifier ===
Naive Bayes Classifier

                             Class
Attribute                 tcpFlood      normal   httpFlood    slowRead slowHeaders    udpFlood    slowBody
                            (0.15)      (0.15)      (0.15)      (0.15)      (0.15)       (0.1)      (0.15)
===========================================================================================================
protocol_type
  tcp                         572.0       572.0       572.0       572.0       572.0         1.0       572.0
  icmp                          1.0         1.0         1.0         1.0         1.0         1.0         1.0
  udp                           1.0         1.0         1.0         1.0         1.0       373.0         1.0
  [total]                     574.0       574.0       574.0       574.0       574.0       375.0       574.0

flag
  OTH                         572.0         1.0       156.0       202.0       213.0       373.0       182.0
  REJ                           1.0        46.0         1.0         1.0         1.0         1.0         1.0
  RSTO                          1.0         2.0        62.0        67.0       100.0         1.0        51.0
  RSTOS0                        1.0         1.0         1.0         1.0         1.0         1.0         1.0
  RSTR                          1.0         1.0         1.0         1.0         1.0         1.0         1.0
  S0                            1.0         3.0         1.0         1.0         1.0         1.0         1.0
  S1                            1.0         2.0        14.0       305.0       255.0         1.0       328.0
  S2                            1.0         3.0         1.0         1.0         6.0         1.0        14.0
  S3                            1.0         1.0       343.0         1.0         1.0         1.0         1.0
  SF                            1.0       521.0         1.0         1.0         2.0         1.0         1.0
  SH                            1.0         1.0         1.0         1.0         1.0         1.0         1.0
  [total]                     582.0       582.0       582.0       582.0       582.0       383.0       582.0

src_bytes
  mean                      79.0058    238.6352    294.8393    445.7781    429.1716     58.9575    417.8654
  std. dev.                  9.4497      90.705    144.4164    630.6544    555.8032      1.6377    641.6448
  weight sum                    571         571         571         571         571         372         571
  precision                  9.8263      9.8263      9.8263      9.8263      9.8263      9.8263      9.8263

dst_bytes
  mean                            0   3910.8207    500.7926    289.3061    263.6714           0     96.1302
  std. dev.                 29.0425   7161.8904    318.9451    920.1107   1054.6119     29.0425     270.233
  weight sum                    571         571         571         571         571         372         571
  precision                174.2551    174.2551    174.2551    174.2551    174.2551    174.2551    174.2551

srv_count
  mean                   12675.4341      11.894    277.9186    405.7712    356.6873    109.6432    383.7254
  std. dev.               7123.1551     14.7253    246.8913    296.3617    283.4655     34.5476    282.1422
  weight sum                    571         571         571         571         571         372         571
  precision                  19.131      19.131      19.131      19.131      19.131      19.131      19.131

srv_serror_rate
  mean                            0      0.0099      0.5149      0.4894      0.4077           0      0.5291
  std. dev.                  0.0017      0.0707      0.4588      0.4812      0.4431      0.0017      0.4576
  weight sum                    571         571         571         571         571         372         571
  precision                  0.0101      0.0101      0.0101      0.0101      0.0101      0.0101      0.0101

same_srv_rate
  mean                            1           1      0.9176      0.9986      0.9985      0.9973      0.9959
  std. dev.                  0.0028      0.0028       0.205      0.0075      0.0104      0.0518       0.045
  weight sum                    571         571         571         571         571         372         571
  precision                  0.0169      0.0169      0.0169      0.0169      0.0169      0.0169      0.0169

srv_diff_host_rate
  mean                            0      0.1323      0.0669           0           0           0           0
  std. dev.                  0.0026      0.2336      0.1636      0.0026      0.0026      0.0026      0.0026
  weight sum                    571         571         571         571         571         372         571
  precision                  0.0159      0.0159      0.0159      0.0159      0.0159      0.0159      0.0159

dst_host_count
  mean                      69.1214    124.4588     83.1118      82.169     80.0797     31.6686     83.3991
  std. dev.                  4.5587    103.7569      28.941     24.1336     25.9173      7.1955     25.0014
  weight sum                    571         571         571         571         571         372         571
  precision                  1.4912      1.4912      1.4912      1.4912      1.4912      1.4912      1.4912

dst_host_srv_count
  mean                      69.0825    244.7189     83.4278     82.5347     80.4238     31.9169     83.8776
  std. dev.                  4.5734     40.2482     29.2556     24.7158     26.5071      7.2245     25.5568
  weight sum                    571         571         571         571         571         372         571
  precision                  1.8345      1.8345      1.8345      1.8345      1.8345      1.8345      1.8345

dst_host_serror_rate
  mean                            0      0.0042      0.5943      0.5147      0.4303           0      0.5772
  std. dev.                  0.0019      0.0342      0.4805      0.4889      0.4574      0.0019      0.4713
  weight sum                    571         571         571         571         571         372         571
  precision                  0.0112      0.0112      0.0112      0.0112      0.0112      0.0112      0.0112


=== Dedicated test set ===
=== Summary of NB ===

Correctly Classified Instances         579               60.8833 %
Incorrectly Classified Instances       372               39.1167 %
Kappa statistic                          0.543 
Mean absolute error                      0.1124
Root mean squared error                  0.2696
Relative absolute error                 46.0401 %
Root relative squared error             77.1434 %
Total Number of Instances              951     
=== Detailed Accuracy By Class ===

                 TP Rate  FP Rate  Precision  Recall   F-Measure  MCC      ROC Area  PRC Area  Class
                 1.000    0.094    0.653      1.000    0.790      0.769    1.000     1.000     tcpFlood
                 0.979    0.000    1.000      0.979    0.989      0.988    0.996     0.995     normal
                 0.566    0.000    1.000      0.566    0.723      0.725    0.924     0.857     httpFlood
                 0.497    0.193    0.313      0.497    0.384      0.254    0.793     0.354     slowRead
                 0.266    0.121    0.279      0.266    0.272      0.147    0.782     0.299     slowHeaders
                 1.000    0.023    0.823      1.000    0.903      0.897    1.000     1.000     udpFlood
                 0.091    0.027    0.371      0.091    0.146      0.121    0.809     0.350     slowBody
Weighted Avg.    0.609    0.068    0.624      0.609    0.585      0.540    0.895     0.677     
=== Confusion Matrix ===

   a   b   c   d   e   f   g   <-- classified as
 143   0   0   0   0   0   0 |   a = tcpFlood
   0 140   0   0   3   0   0 |   b = normal
   2   0  81  17  26  17   0 |   c = httpFlood
  25   0   0  71  39   1   7 |   d = slowRead
  24   0   0  65  38   1  15 |   e = slowHeaders
   0   0   0   0   0  93   0 |   f = udpFlood
  25   0   0  74  30   1  13 |   g = slowBody
