=== Classifier ===
Naive Bayes Classifier

                                    Class
Attribute                        tcpFlood      normal   httpFlood    slowRead slowHeaders    udpFlood    slowBody
                                   (0.15)      (0.15)      (0.15)      (0.15)      (0.15)       (0.1)      (0.15)
==================================================================================================================
duration
  mean                                   0      4.8454       0.397      8.1334     10.5663           0       8.622
  std. dev.                         0.9688     25.2755      1.4663      9.8115     11.2554      0.9688      9.6339
  weight sum                           571         571         571         571         571         372         571
  precision                         5.8125      5.8125      5.8125      5.8125      5.8125      5.8125      5.8125

protocol_type
  tcp                                572.0       572.0       572.0       572.0       572.0         1.0       572.0
  icmp                                 1.0         1.0         1.0         1.0         1.0         1.0         1.0
  udp                                  1.0         1.0         1.0         1.0         1.0       373.0         1.0
  [total]                            574.0       574.0       574.0       574.0       574.0       375.0       574.0

flag
  OTH                                572.0       345.0       156.0       202.0       213.0       373.0       182.0
  REJ                                  1.0        11.0         1.0         1.0         1.0         1.0         1.0
  RSTO                                 1.0        16.0        62.0        67.0       100.0         1.0        51.0
  RSTOS0                               1.0         1.0         1.0         1.0         1.0         1.0         1.0
  RSTR                                 1.0         6.0         1.0         1.0         1.0         1.0         1.0
  S0                                   1.0         1.0         1.0         1.0         1.0         1.0         1.0
  S1                                   1.0        11.0        14.0       305.0       255.0         1.0       328.0
  S2                                   1.0         2.0         1.0         1.0         6.0         1.0        14.0
  S3                                   1.0         1.0       343.0         1.0         1.0         1.0         1.0
  SF                                   1.0       187.0         1.0         1.0         2.0         1.0         1.0
  SH                                   1.0         1.0         1.0         1.0         1.0         1.0         1.0
  [total]                            582.0       582.0       582.0       582.0       582.0       383.0       582.0

src_bytes
  mean                             59.0196    511.3664    283.2941    444.3407    423.2989      58.609     414.369
  std. dev.                         9.8023   1827.4297    143.2937    631.7862    556.5265      9.7682    642.0636
  weight sum                           571         571         571         571         571         372         571
  precision                         58.609      58.609      58.609      58.609      58.609      58.609      58.609

dst_bytes
  mean                                   0    2702.372    722.1856    295.6839    258.0514           0     89.6012
  std. dev.                       170.5409  13896.7071    466.2845    956.8669   1079.6494    170.5409    289.2329
  weight sum                           571         571         571         571         571         372         571
  precision                      1023.2456   1023.2456   1023.2456   1023.2456   1023.2456   1023.2456   1023.2456

wrong_fragment
  mean                                   0           0           0           0           0           0           0
  std. dev.                         0.0017      0.0017      0.0017      0.0017      0.0017      0.0017      0.0017
  weight sum                           571         571         571         571         571         372         571
  precision                           0.01        0.01        0.01        0.01        0.01        0.01        0.01

urgent
  mean                                   0           0           0           0           0           0           0
  std. dev.                         0.0017      0.0017      0.0017      0.0017      0.0017      0.0017      0.0017
  weight sum                           571         571         571         571         571         372         571
  precision                           0.01        0.01        0.01        0.01        0.01        0.01        0.01

count
  mean                          12675.2339     76.7038    301.4591    406.0011    356.9371    110.4284    383.3867
  std. dev.                      7122.8898    113.6437    276.6225    296.2695    283.5361     34.7931    281.9618
  weight sum                           571         571         571         571         571         372         571
  precision                        18.8784     18.8784     18.8784     18.8784     18.8784     18.8784     18.8784

srv_count
  mean                          12675.0433     92.3793    277.6725    406.0681    356.7211    110.0019    383.3825
  std. dev.                      7122.7752    113.2425    246.8269     296.558    283.7982     34.2159    281.8709
  weight sum                           571         571         571         571         571         372         571
  precision                        19.0772     19.0772     19.0772     19.0772     19.0772     19.0772     19.0772

serror_rate
  mean                                   0      0.0119      0.4918      0.4885      0.4063           0      0.5284
  std. dev.                         0.0018      0.0991      0.4547      0.4804      0.4416      0.0018       0.457
  weight sum                           571         571         571         571         571         372         571
  precision                         0.0106      0.0106      0.0106      0.0106      0.0106      0.0106      0.0106

srv_serror_rate
  mean                                   0      0.0164      0.5153      0.4894      0.4076           0       0.529
  std. dev.                         0.0017      0.0854      0.4592      0.4812      0.4431      0.0017      0.4576
  weight sum                           571         571         571         571         571         372         571
  precision                         0.0103      0.0103      0.0103      0.0103      0.0103      0.0103      0.0103

rerror_rate
  mean                                   0      0.0171           0           0           0           0           0
  std. dev.                         0.0417      0.1257      0.0417      0.0417      0.0417      0.0417      0.0417
  weight sum                           571         571         571         571         571         372         571
  precision                           0.25        0.25        0.25        0.25        0.25        0.25        0.25

srv_rerror_rate
  mean                                   0      0.0175           0           0           0           0           0
  std. dev.                         0.0333      0.1274      0.0333      0.0333      0.0333      0.0333      0.0333
  weight sum                           571         571         571         571         571         372         571
  precision                            0.2         0.2         0.2         0.2         0.2         0.2         0.2

same_srv_rate
  mean                                   1      0.9035      0.9176      0.9987      0.9985      0.9973      0.9959
  std. dev.                         0.0028       0.295      0.2051      0.0074      0.0102      0.0518      0.0451
  weight sum                           571         571         571         571         571         372         571
  precision                         0.0167      0.0167      0.0167      0.0167      0.0167      0.0167      0.0167

diff_srv_rate
  mean                                   0      0.0001      0.0824      0.0014      0.0015           0      0.0024
  std. dev.                         0.0028      0.0035      0.2051      0.0074      0.0103      0.0028      0.0173
  weight sum                           571         571         571         571         571         372         571
  precision                         0.0168      0.0168      0.0168      0.0168      0.0168      0.0168      0.0168

srv_diff_host_rate
  mean                                   0      0.2738      0.0669           0           0           0           0
  std. dev.                         0.0019      0.3639      0.1635      0.0019      0.0019      0.0019      0.0019
  weight sum                           571         571         571         571         571         372         571
  precision                         0.0114      0.0114      0.0114      0.0114      0.0114      0.0114      0.0114

dst_host_count
  mean                              69.181     49.0991     83.6843     82.4706     80.3529     31.7866     83.7851
  std. dev.                         4.4763     70.1028     29.2603     24.6995     26.4694      7.1336     25.5253
  weight sum                           571         571         571         571         571         372         571
  precision                         2.0565      2.0565      2.0565      2.0565      2.0565      2.0565      2.0565

dst_host_srv_count
  mean                             68.9088     89.2669     82.2332      81.598     79.5537     31.6504     82.7376
  std. dev.                         4.6794     91.5602     28.5416     23.8045     25.6139       7.157     24.6831
  weight sum                           571         571         571         571         571         372         571
  precision                         2.1983      2.1983      2.1983      2.1983      2.1983      2.1983      2.1983

dst_host_same_srv_rate
  mean                                   1      0.9194      0.9858           1           1      0.9973       0.998
  std. dev.                         0.0069      0.2704      0.0938      0.0069      0.0069      0.0518      0.0419
  weight sum                           571         571         571         571         571         372         571
  precision                         0.0417      0.0417      0.0417      0.0417      0.0417      0.0417      0.0417

dst_host_diff_srv_rate
  mean                                   0      0.0013      0.0141           0           0           0      0.0002
  std. dev.                         0.0073      0.0276      0.0937      0.0073      0.0073      0.0073      0.0073
  weight sum                           571         571         571         571         571         372         571
  precision                         0.0436      0.0436      0.0436      0.0436      0.0436      0.0436      0.0436

dst_host_same_src_port_rate
  mean                              0.0191      0.4725      0.1408      0.0026       0.004      0.9655      0.0029
  std. dev.                         0.0143      0.4401      0.3385      0.0159      0.0195      0.0564      0.0166
  weight sum                           571         571         571         571         571         372         571
  precision                         0.0127      0.0127      0.0127      0.0127      0.0127      0.0127      0.0127

dst_host_srv_diff_host_rate
  mean                                   0       0.277      0.0165           0           0           0           0
  std. dev.                          0.002      0.3905      0.0951       0.002       0.002       0.002       0.002
  weight sum                           571         571         571         571         571         372         571
  precision                         0.0122      0.0122      0.0122      0.0122      0.0122      0.0122      0.0122

dst_host_serror_rate
  mean                                   0      0.0071      0.5943      0.5147      0.4303           0      0.5772
  std. dev.                         0.0019      0.0779      0.4805      0.4889      0.4574      0.0019      0.4713
  weight sum                           571         571         571         571         571         372         571
  precision                         0.0112      0.0112      0.0112      0.0112      0.0112      0.0112      0.0112

dst_host_srv_serror_rate
  mean                                   0      0.0127      0.5969      0.5149      0.4305           0      0.5773
  std. dev.                         0.0019      0.0734      0.4803      0.4891      0.4576      0.0019      0.4714
  weight sum                           571         571         571         571         571         372         571
  precision                         0.0112      0.0112      0.0112      0.0112      0.0112      0.0112      0.0112

dst_host_rerror_rate
  mean                                   0      0.0168           0           0           0           0           0
  std. dev.                         0.0167      0.1227      0.0167      0.0167      0.0167      0.0167      0.0167
  weight sum                           571         571         571         571         571         372         571
  precision                            0.1         0.1         0.1         0.1         0.1         0.1         0.1

dst_host_srv_rerror_rate
  mean                                   0      0.0183           0           0           0           0           0
  std. dev.                         0.0128      0.1245      0.0128      0.0128      0.0128      0.0128      0.0128
  weight sum                           571         571         571         571         571         372         571
  precision                         0.0769      0.0769      0.0769      0.0769      0.0769      0.0769      0.0769


=== Dedicated test set ===
=== Summary of NB ===

Correctly Classified Instances         510               53.6278 %
Incorrectly Classified Instances       441               46.3722 %
Kappa statistic                          0.4581
Mean absolute error                      0.1299
Root mean squared error                  0.3196
Relative absolute error                 53.1961 %
Root relative squared error             91.4648 %
Total Number of Instances              951     
=== Detailed Accuracy By Class ===

                 TP Rate  FP Rate  Precision  Recall   F-Measure  MCC      ROC Area  PRC Area  Class
                 1.000    0.151    0.540      1.000    0.701      0.677    1.000     1.000     tcpFlood
                 0.986    0.005    0.972      0.986    0.979      0.975    0.995     0.967     normal
                 0.189    0.001    0.964      0.189    0.316      0.397    0.908     0.784     httpFlood
                 0.538    0.286    0.250      0.538    0.341      0.193    0.752     0.287     slowRead
                 0.147    0.063    0.292      0.147    0.195      0.113    0.763     0.284     slowHeaders
                 1.000    0.020    0.845      1.000    0.916      0.910    0.992     0.877     udpFlood
                 0.056    0.019    0.348      0.056    0.096      0.087    0.794     0.327     slowBody
Weighted Avg.    0.536    0.081    0.589      0.536    0.485      0.456    0.881     0.635     
=== Confusion Matrix ===

   a   b   c   d   e   f   g   <-- classified as
 143   0   0   0   0   0   0 |   a = tcpFlood
   0 141   1   0   1   0   0 |   b = normal
   3   4  27  85   8  16   0 |   c = httpFlood
  39   0   0  77  22   1   4 |   d = slowRead
  43   0   0  68  21   0  11 |   e = slowHeaders
   0   0   0   0   0  93   0 |   f = udpFlood
  37   0   0  78  20   0   8 |   g = slowBody
