=== Classifier ===
Naive Bayes Classifier

                                    Class
Attribute                        tcpFlood      normal   httpFlood    slowRead slowHeaders    udpFlood    slowBody
                                   (0.11)      (0.34)      (0.11)      (0.11)      (0.11)      (0.09)      (0.11)
==================================================================================================================
duration
  mean                                   0      0.0557      0.6647      8.4565       9.918           0      8.0515
  std. dev.                         0.3258      1.2451      1.4299      9.9756      10.855      0.3258      9.0575
  weight sum                           444        1333         444         444         444         372         444
  precision                         1.9545      1.9545      1.9545      1.9545      1.9545      1.9545      1.9545

protocol_type
  tcp                                445.0      1334.0       445.0       445.0       445.0         1.0       445.0
  icmp                                 1.0         1.0         1.0         1.0         1.0         1.0         1.0
  udp                                  1.0         1.0         1.0         1.0         1.0       373.0         1.0
  [total]                            447.0      1336.0       447.0       447.0       447.0       375.0       447.0

flag
  OTH                                445.0       425.0       108.0       172.0       178.0       373.0       147.0
  REJ                                  1.0        26.0         1.0         1.0         1.0         1.0         1.0
  RSTO                                 1.0         2.0        53.0        56.0        69.0         1.0        36.0
  RSTOS0                               1.0         1.0         1.0         1.0         1.0         1.0         1.0
  RSTR                                 1.0         8.0         1.0         1.0         1.0         1.0         1.0
  S0                                   1.0         2.0         1.0         1.0         1.0         1.0         1.0
  S1                                   1.0        20.0        13.0       219.0       197.0         1.0       254.0
  S2                                   1.0        12.0         1.0         1.0         3.0         1.0        11.0
  S3                                   1.0        17.0       274.0         1.0         1.0         1.0         1.0
  SF                                   1.0       830.0         1.0         1.0         2.0         1.0         1.0
  SH                                   1.0         1.0         1.0         1.0         1.0         1.0         1.0
  [total]                            455.0      1344.0       455.0       455.0       455.0       383.0       455.0

dst_bytes
  mean                                   0   6426.9323      4.5199    244.0723    225.9929           0    149.1553
  std. dev.                       334.4695   18708.356    334.4695    655.9246    972.9774    334.4695   1045.6708
  weight sum                           444        1333         444         444         444         372         444
  precision                      2006.8168   2006.8168   2006.8168   2006.8168   2006.8168   2006.8168   2006.8168

count
  mean                          12134.1116    2294.989    300.6246    428.0427    343.6813    108.4511     367.793
  std. dev.                      7067.4524   1715.0135    268.2325    299.0271    273.5948     37.0836    272.2631
  weight sum                           444        1333         444         444         444         372         444
  precision                        13.1842     13.1842     13.1842     13.1842     13.1842     13.1842     13.1842

srv_count
  mean                          12133.9206   2295.5708    278.1126    427.9549    343.6034    108.6436    367.4399
  std. dev.                      7067.1009   1714.2106    239.2134    299.1037    273.3013     37.2051     272.294
  weight sum                           444        1333         444         444         444         372         444
  precision                        13.2293     13.2293     13.2293     13.2293     13.2293     13.2293     13.2293

dst_host_srv_count
  mean                             69.2451    118.9689     83.9616     82.3351     79.8816     31.6968     83.1943
  std. dev.                         4.2174     78.5916     28.2327      23.289     25.3204      7.6757     25.1325
  weight sum                           444        1333         444         444         444         372         444
  precision                           2.04        2.04        2.04        2.04        2.04        2.04        2.04

dst_host_same_srv_rate
  mean                                   1      0.9988      0.9848           1      0.9977      0.9973      0.9999
  std. dev.                         0.0072      0.0189      0.1018      0.0072      0.0474      0.0518      0.0072
  weight sum                           444        1333         444         444         444         372         444
  precision                         0.0435      0.0435      0.0435      0.0435      0.0435      0.0435      0.0435

dst_host_srv_diff_host_rate
  mean                                   0       0.008       0.013           0           0           0           0
  std. dev.                         0.0052      0.0322      0.0878      0.0052      0.0052      0.0052      0.0052
  weight sum                           444        1333         444         444         444         372         444
  precision                         0.0313      0.0313      0.0313      0.0313      0.0313      0.0313      0.0313


=== Dedicated test set ===
=== Summary of NB ===

Correctly Classified Instances         703               71.6616 %
Incorrectly Classified Instances       278               28.3384 %
Kappa statistic                          0.6525
Mean absolute error                      0.0826
Root mean squared error                  0.2209
Relative absolute error                 35.6166 %
Root relative squared error             64.8642 %
Total Number of Instances              981     
=== Detailed Accuracy By Class ===

                 TP Rate  FP Rate  Precision  Recall   F-Measure  MCC      ROC Area  PRC Area  Class
                 0.982    0.000    1.000      0.982    0.991      0.990    1.000     1.000     tcpFlood
                 0.958    0.000    1.000      0.958    0.979      0.968    0.986     0.987     normal
                 0.613    0.017    0.819      0.613    0.701      0.678    0.950     0.654     httpFlood
                 0.477    0.131    0.317      0.477    0.381      0.292    0.850     0.316     slowRead
                 0.099    0.015    0.458      0.099    0.163      0.173    0.882     0.407     slowHeaders
                 1.000    0.025    0.809      1.000    0.894      0.888    1.000     1.000     udpFlood
                 0.450    0.131    0.305      0.450    0.364      0.271    0.872     0.382     slowBody
Weighted Avg.    0.717    0.036    0.744      0.717    0.711      0.685    0.945     0.742     
=== Confusion Matrix ===

   a   b   c   d   e   f   g   <-- classified as
 109   0   0   2   0   0   0 |   a = tcpFlood
   0 319  14   0   0   0   0 |   b = normal
   0   0  68  12   0  17  14 |   c = httpFlood
   0   0   1  53   7   1  49 |   d = slowRead
   0   0   0  47  11   2  51 |   e = slowHeaders
   0   0   0   0   0  93   0 |   f = udpFlood
   0   0   0  53   6   2  50 |   g = slowBody
