=== Classifier ===
Naive Bayes Classifier

                         Class
Attribute             tcpFlood        normal     httpFlood      slowRead   slowHeaders      udpFlood      slowBody
                        (0.06)        (0.16)        (0.16)        (0.16)        (0.16)        (0.16)        (0.16)
===================================================================================================================
total_fpackets
  mean                1948.5299        4.6196             0        7.1515        1.2882     6148.1876         1.377
  std. dev.           2174.8335       40.2932        4.2273       11.4124        5.5689     4166.3224        5.7471
  weight sum                199           571           571           571           571           571           571
  precision             25.3635       25.3635       25.3635       25.3635       25.3635       25.3635       25.3635

total_fvolume
  mean              126910.3116     2149.5666      489.8309      1272.138      955.6593   245914.6845     1043.6688
  std. dev.         140363.9868    20651.3065       93.3223     1015.3832      706.1891   166654.2929      931.3495
  weight sum                199           571           571           571           571           571           571
  precision            507.6106      507.6106      507.6106      507.6106      507.6106      507.6106      507.6106

total_bpackets
  mean                1037.0268             0             0         2.816             0             0             0
  std. dev.           1204.6599        3.5262        3.5262        7.1868        3.5262        3.5262        3.5262
  weight sum                199           571           571           571           571           571           571
  precision             21.1573       21.1573       21.1573       21.1573       21.1573       21.1573       21.1573

total_bvolume
  mean               54389.8978             0      836.9209     1186.9061      646.7116             0      512.8043
  std. dev.          62831.0685      144.8127      163.5358     1132.7596      910.2463      144.8127      966.2165
  weight sum                199           571           571           571           571           571           571
  precision            868.8761      868.8761      868.8761      868.8761      868.8761      868.8761      868.8761

min_fpktl
  mean                  56.7583      166.1858       56.0269       54.6058       44.4621       37.7161       47.4187
  std. dev.              9.9735      236.3336        1.5545       13.4586       16.8065        6.8934       19.0657
  weight sum                199           571           571           571           571           571           571
  precision              9.3269        9.3269        9.3269        9.3269        9.3269        9.3269        9.3269

mean_fpktl
  mean                  66.6836      175.0855       60.5811      128.6055        127.82       38.6918      145.7242
  std. dev.              9.4404      249.2462        1.6469       71.9615       47.9163         6.886        58.804
  weight sum                199           571           571           571           571           571           571
  precision              5.4699        5.4699        5.4699        5.4699        5.4699        5.4699        5.4699

max_fpktl
  mean                 479.2298      186.1808       89.5903      381.4706      365.5352       37.6536      429.8963
  std. dev.            435.6262      271.9794        3.2054       93.2131       90.1678        6.8203       99.1546
  weight sum                199           571           571           571           571           571           571
  precision              6.2068        6.2068        6.2068        6.2068        6.2068        6.2068        6.2068

std_fpktl
  mean                  17.1826        7.3425       15.3841       127.074      126.4848             0      155.0811
  std. dev.             20.3304       47.0742        1.4621       59.7006        52.251        0.4184       57.2993
  weight sum                199           571           571           571           571           571           571
  precision              2.5105        2.5105        2.5105        2.5105        2.5105        2.5105        2.5105

min_bpktl
  mean                  50.8174             0       51.2884       50.6141       50.9737             0       50.2545
  std. dev.              5.1203        4.2778        4.2778        6.0334        4.2814        4.2778        7.3631
  weight sum                199           571           571           571           571           571           571
  precision             25.6667       25.6667       25.6667       25.6667       25.6667       25.6667       25.6667

mean_bpktl
  mean                  66.3491             0      194.1429        170.55      127.9418             0      111.2742
  std. dev.             11.1705       11.1705        27.894      184.2575      161.3991       11.1705       136.836
  weight sum                199           571           571           571           571           571           571
  precision             67.0227       67.0227       67.0227       67.0227       67.0227       67.0227       67.0227

max_bpktl
  mean                 348.1583             0      585.3984      447.0315      425.7443             0      326.7588
  std. dev.             300.631      101.2917      114.3878      432.4214      429.9622      101.2917      364.9873
  weight sum                199           571           571           571           571           571           571
  precision              607.75        607.75        607.75        607.75        607.75        607.75        607.75

std_bpktl
  mean                   4.8556             0      207.1122      191.5059      138.2941             0      100.4066
  std. dev.             15.3975         8.947       40.6557      207.0959      198.0177         8.947      142.7272
  weight sum                199           571           571           571           571           571           571
  precision             53.6818       53.6818       53.6818       53.6818       53.6818       53.6818       53.6818

min_fiat
  mean                3845.2105    18500.4903      517.3615     1039.1702     1504.6472     2994.4704     1454.2453
  std. dev.          53144.9244   102540.5911      673.6804       683.586      457.4289    43512.6743      524.9368
  weight sum                199           571           571           571           571           571           571
  precision            846.4567      846.4567      846.4567      846.4567      846.4567      846.4567      846.4567

mean_fiat
  mean               13336.2446    24761.0841    57915.6266   195623.8261    54775.0785     9307.7549     64959.591
  std. dev.          53125.6308   110776.7145    73979.9146   144251.0436    96744.7359    46909.2257    108769.832
  weight sum                199           571           571           571           571           571           571
  precision            363.3008      363.3008      363.3008      363.3008      363.3008      363.3008      363.3008

max_fiat
  mean               494581.036    41539.5474   204888.1271   767801.7621   182854.5666   685909.5352    203496.142
  std. dev.         287624.5463   163945.0966   283155.0541   579132.5175   340770.5389   325176.4872   349729.2756
  weight sum                199           571           571           571           571           571           571
  precision            472.2659      472.2659      472.2659      472.2659      472.2659      472.2659      472.2659

std_fiat
  mean               34406.4734     7895.4455    99344.2503   316474.4911    83353.8686    29410.8089    84083.7489
  std. dev.          31724.3897    45883.1868   137947.3779    242986.918   152763.5889    24188.6935   142128.0756
  weight sum                199           571           571           571           571           571           571
  precision            209.0079      209.0079      209.0079      209.0079      209.0079      209.0079      209.0079

min_biat
  mean                 711.4387             0      130.6734     9073.4277    15040.8482             0     5870.2531
  std. dev.           4449.7515      318.8655      611.5191    95206.2262    131899.741      318.8655    72103.0166
  weight sum                199           571           571           571           571           571           571
  precision           1913.1932     1913.1932     1913.1932     1913.1932     1913.1932     1913.1932     1913.1932

mean_biat
  mean               33375.4439             0    60558.6547   171752.1506    49354.7108             0      22912.57
  std. dev.          36044.3295      152.4728    97914.7364    182716.694   162600.2928      152.4728   102842.7638
  weight sum                199           571           571           571           571           571           571
  precision            914.8365      914.8365      914.8365      914.8365      914.8365      914.8365      914.8365

max_biat
  mean              568084.1479             0   179684.4628   450266.0869   123159.5339             0    55893.8027
  std. dev.         387246.3277      158.4754   294102.3773   436572.0729   333480.2491      158.4754   230417.1481
  weight sum                199           571           571           571           571           571           571
  precision            950.8524      950.8524      950.8524      950.8524      950.8524      950.8524      950.8524

std_biat
  mean               65407.9019             0   103073.7947   189001.7245    58794.0654             0    29012.5692
  std. dev.          68102.4076      127.7072   169228.0759   188414.4319   166127.7596      127.7072   125140.3718
  weight sum                199           571           571           571           571           571           571
  precision            766.2432      766.2432      766.2432      766.2432      766.2432      766.2432      766.2432

duration
  mean             9870198.0473   604771.3471   954360.0632 23236574.4396 23025773.1493 26352257.4183 21297299.3122
  std. dev.        6780518.4274  1991846.3377  1538341.7156 10598787.2819 11860514.3637   6335645.912 12541080.3884
  weight sum                199           571           571           571           571           571           571
  precision          11508.5129    11508.5129    11508.5129    11508.5129    11508.5129    11508.5129    11508.5129

min_active
  mean             6763494.5955   149243.3236   177824.0992    15022.8868    15582.2496 16321807.0963     8896.5322
  std. dev.        6954769.4841  1091312.7729   281856.8866   133254.7221   138013.9018 12723568.2032   111980.1707
  weight sum                199           571           571           571           571           571           571
  precision           15209.341     15209.341     15209.341     15209.341     15209.341     15209.341     15209.341

mean_active
  mean             7322642.1446   159660.0615   205323.1606   188065.5105    62902.8842 18700521.9049    68762.6247
  std. dev.        6528484.9612  1099078.1375    278838.146   181495.9956   160997.8279 10312084.0939   150688.8022
  weight sum                199           571           571           571           571           571           571
  precision          10200.9506    10200.9506    10200.9506    10200.9506    10200.9506    10200.9506    10200.9506

max_active
  mean             7900757.9853    181860.091   232900.4937  1082577.3952   252047.5222 21265416.1616   351340.6377
  std. dev.        6251572.3691  1131405.5804   303000.2182   825384.6609   506726.9221  8303754.1744   645211.6979
  weight sum                199           571           571           571           571           571           571
  precision          10472.1775    10472.1775    10472.1775    10472.1775    10472.1775    10472.1775    10472.1775

std_active
  mean              636622.9904    20501.0803    38813.7447   432921.1901   103328.2459  2710536.9383   142824.7763
  std. dev.        1157691.6262   151217.4112   126599.3395   349618.8167     210701.12  3630141.3035   263456.0531
  weight sum                199           571           571           571           571           571           571
  precision           9996.6839     9996.6839     9996.6839     9996.6839     9996.6839     9996.6839     9996.6839

min_idle
  mean              441431.4946   299593.7918   654850.1336   2476824.765  2613355.2756   518550.4682  2739324.6181
  std. dev.          819417.265  1172823.1574  1375523.6805   3099151.969  3595880.4228   604974.4672   3763540.657
  weight sum                199           571           571           571           571           571           571
  precision           8238.2882     8238.2882     8238.2882     8238.2882     8238.2882     8238.2882     8238.2882

mean_idle
  mean              499759.1104   317146.4289   671641.6369  5373854.3328  6811619.6941    575094.831  6293941.0096
  std. dev.         908905.2374  1202535.4694  1394728.2279  3044965.5911   3476644.882   672458.3792  3444619.0317
  weight sum                199           571           571           571           571           571           571
  precision           8075.0295     8075.0295     8075.0295     8075.0295     8075.0295     8075.0295     8075.0295

max_idle
  mean               577503.865   338414.5959   688521.8615  9443567.4954  9537854.4207   639678.1428  8459091.9774
  std. dev.         1094721.788  1264739.3326  1426969.3857  4752643.9872   5140374.955   763979.1975  4124915.0989
  weight sum                199           571           571           571           571           571           571
  precision          10383.3817    10383.3817    10383.3817    10383.3817    10383.3817    10383.3817    10383.3817

std_idle
  mean               72417.7803    24004.9642     23741.405  2942236.9049  3311304.0043    75156.5171  2632639.2841
  std. dev.         273762.2629   218144.4294   193457.5653  2421105.6263  2771397.8312   153987.0829  2080508.2602
  weight sum                199           571           571           571           571           571           571
  precision           6019.6902     6019.6902     6019.6902     6019.6902     6019.6902     6019.6902     6019.6902

sflow_fpackets
  mean                1861.6109        4.3003             0             0             0     5027.3449             0
  std. dev.           2232.5451       40.1419        4.4005        4.4005        4.4005     4655.9145        4.4005
  weight sum                199           571           571           571           571           571           571
  precision              26.403        26.403        26.403        26.403        26.403        26.403        26.403

sflow_fbytes
  mean              121168.4425     2007.5827       19.3255       184.161      197.8026   201150.4659      214.8545
  std. dev.         144263.6837    20575.4128       110.322      304.9667      329.3259   186243.3378      321.9202
  weight sum                199           571           571           571           571           571           571
  precision            649.1108      649.1108      649.1108      649.1108      649.1108      649.1108      649.1108

sflow_bpackets
  mean                1016.5397             0             0             0             0             0             0
  std. dev.           1220.6353        3.9726        3.9726        3.9726        3.9726        3.9726        3.9726
  weight sum                199           571           571           571           571           571           571
  precision             23.8354       23.8354       23.8354       23.8354       23.8354       23.8354       23.8354

sflow_bbytes
  mean               53201.5631             0      654.9868      110.5822       59.5443             0       41.3164
  std. dev.           63663.614      115.6455      159.5927      754.1399      680.2474      115.6455      567.5179
  weight sum                199           571           571           571           571           571           571
  precision            693.8728      693.8728      693.8728      693.8728      693.8728      693.8728      693.8728

fpsh_cnt
  mean                1945.4971             0             0             0             0             0             0
  std. dev.           2174.2659        8.2959        8.2959        8.2959        8.2959        8.2959        8.2959
  weight sum                199           571           571           571           571           571           571
  precision             49.7755       49.7755       49.7755       49.7755       49.7755       49.7755       49.7755

bpsh_cnt
  mean                   0.5729             0        0.9685        0.6918        0.6497             0        0.5096
  std. dev.              0.4947        0.1667        0.2026        0.4618        0.4771        0.1667        0.4999
  weight sum                199           571           571           571           571           571           571
  precision                   1             1             1             1             1             1             1

furg_cnt
  mean                        0             0             0             0             0             0             0
  std. dev.              0.0017        0.0017        0.0017        0.0017        0.0017        0.0017        0.0017
  weight sum                199           571           571           571           571           571           571
  precision                0.01          0.01          0.01          0.01          0.01          0.01          0.01

burg_cnt
  mean                        0             0             0             0             0             0             0
  std. dev.              0.0017        0.0017        0.0017        0.0017        0.0017        0.0017        0.0017
  weight sum                199           571           571           571           571           571           571
  precision                0.01          0.01          0.01          0.01          0.01          0.01          0.01

total_fhlen
  mean              101345.4393       91.5725       103.423      513.8831      434.1612   122959.1997      405.0735
  std. dev.         113052.5862      807.6777      230.0533       228.123      280.3194    83328.9028       291.714
  weight sum                199           571           571           571           571           571           571
  precision            615.1515      615.1515      615.1515      615.1515      615.1515      615.1515      615.1515

total_bhlen
  mean               54066.2963             0             0      332.7595             0             0             0
  std. dev.           62630.692       162.398       162.398      462.0693       162.398       162.398       162.398
  weight sum                199           571           571           571           571           571           571
  precision            974.3881      974.3881      974.3881      974.3881      974.3881      974.3881      974.3881


=== Dedicated test set ===
=== Summary of NB ===

Correctly Classified Instances         709               78.0837 %
Incorrectly Classified Instances       199               21.9163 %
Kappa statistic                          0.7416
Mean absolute error                      0.0627
Root mean squared error                  0.2275
Relative absolute error                 25.8542 %
Root relative squared error             65.369  %
Total Number of Instances              908     
=== Detailed Accuracy By Class ===

                 TP Rate  FP Rate  Precision  Recall   F-Measure  MCC      ROC Area  PRC Area  Class
                 0.980    0.002    0.961      0.980    0.970      0.969    0.999     0.961     tcpFlood
                 0.979    0.008    0.959      0.979    0.969      0.963    0.991     0.944     normal
                 0.972    0.000    1.000      0.972    0.986      0.983    1.000     1.000     httpFlood
                 0.664    0.071    0.638      0.664    0.651      0.584    0.895     0.715     slowRead
                 0.336    0.030    0.676      0.336    0.449      0.415    0.903     0.596     slowHeaders
                 0.979    0.000    1.000      0.979    0.989      0.988    0.998     0.992     udpFlood
                 0.685    0.149    0.462      0.685    0.552      0.462    0.879     0.447     slowBody
Weighted Avg.    0.781    0.041    0.799      0.781    0.777      0.745    0.947     0.792     
=== Confusion Matrix ===

   a   b   c   d   e   f   g   <-- classified as
  49   0   0   1   0   0   0 |   a = tcpFlood
   1 140   0   1   0   0   1 |   b = normal
   0   0 139   0   0   0   4 |   c = httpFlood
   0   1   0  95   8   0  39 |   d = slowRead
   0   1   0  24  48   0  70 |   e = slowHeaders
   0   3   0   0   0 140   0 |   f = udpFlood
   1   1   0  28  15   0  98 |   g = slowBody
