=== Classifier ===
Naive Bayes Classifier

                         Class
Attribute             tcpFlood        normal     httpFlood      slowRead   slowHeaders      udpFlood      slowBody
                        (0.14)        (0.14)        (0.14)        (0.14)        (0.14)        (0.14)        (0.14)
===================================================================================================================
total_fpackets
  mean                1262.8803       18.0589             0             0             0     7967.7288             0
  std. dev.            905.9046      140.2688       10.2749       10.2749       10.2749     2322.3222       10.2749
  weight sum                 99            99            99            99            99            99            99
  precision             61.6495       61.6495       61.6495       61.6495       61.6495       61.6495       61.6495

total_fvolume
  mean              147376.9886     7956.9736             0     1766.1932       54.6245   318679.5225       91.0409
  std. dev.          88155.8724    71693.0752      300.4349      442.2751       309.003    92901.8616      394.7439
  weight sum                 99            99            99            99            99            99            99
  precision           1802.6096     1802.6096     1802.6096     1802.6096     1802.6096     1802.6096     1802.6096

total_bpackets
  mean                 670.7016             0             0             0             0             0             0
  std. dev.            593.6837        6.1515        6.1515        6.1515        6.1515        6.1515        6.1515
  weight sum                 99            99            99            99            99            99            99
  precision             36.9091       36.9091       36.9091       36.9091       36.9091       36.9091       36.9091

total_bvolume
  mean               36953.0303             0             0     3347.0101     1919.8586             0      458.7273
  std. dev.          31966.9002      280.3333      280.3333     3851.1271     1773.1465      280.3333      1720.935
  weight sum                 99            99            99            99            99            99            99
  precision                1682          1682          1682          1682          1682          1682          1682

min_fpktl
  mean                  54.8523      142.7589       53.0656       51.2789       35.7344        35.377       35.7344
  std. dev.             17.6876      167.3791        2.9481        5.3303        2.9481        2.9481        2.9481
  weight sum                 99            99            99            99            99            99            99
  precision             17.6885       17.6885       17.6885       17.6885       17.6885       17.6885       17.6885

mean_fpktl
  mean                 145.9593      156.0735        60.424       95.8239       95.9983         43.16      107.7692
  std. dev.             92.6377      170.0248        1.4387       46.3225        7.1826        1.4387        6.9797
  weight sum                 99            99            99            99            99            99            99
  precision               8.632         8.632         8.632         8.632         8.632         8.632         8.632

max_fpktl
  mean                2326.9204      189.4178       88.4545      375.8574      294.2528       29.4848       409.214
  std. dev.            804.3123      255.5385        4.9141       32.2837        5.8967        4.9141       24.8895
  weight sum                 99            99            99            99            99            99            99
  precision             29.4848       29.4848       29.4848       29.4848       29.4848       29.4848       29.4848

std_fpktl
  mean                 234.2021       16.0432       14.5049      109.5922       87.0291             0      121.8261
  std. dev.            128.4399       66.9734        1.2087       23.7063        3.5708        1.2087       10.2035
  weight sum                 99            99            99            99            99            99            99
  precision              7.2524        7.2524        7.2524        7.2524        7.2524        7.2524        7.2524

min_bpktl
  mean                  60.3838             0            61       60.1785            61             0            61
  std. dev.              6.0997        3.3889        3.3889        4.0037        3.3889        3.3889        3.3889
  weight sum                 99            99            99            99            99            99            99
  precision             20.3333       20.3333       20.3333       20.3333       20.3333       20.3333       20.3333

mean_bpktl
  mean                        0             0      184.3125      448.6799      236.4413             0      221.5473
  std. dev.             30.7188       30.7188       30.7188      619.4708      296.4324       30.7188      259.3107
  weight sum                 99            99            99            99            99            99            99
  precision            184.3125      184.3125      184.3125      184.3125      184.3125      184.3125      184.3125

max_bpktl
  mean                    55.25             0        607.75     1080.4444      705.9722             0      681.4167
  std. dev.            174.7158      101.2917      101.2917     1192.4308      564.5108      101.2917       513.029
  weight sum                 99            99            99            99            99            99            99
  precision              607.75        607.75        607.75        607.75        607.75        607.75        607.75

std_bpktl
  mean                        0             0        177.15      445.5591      230.8318             0      216.5167
  std. dev.              29.525        29.525        29.525      642.6142      306.7858        29.525      274.1571
  weight sum                 99            99            99            99            99            99            99
  precision              177.15        177.15        177.15        177.15        177.15        177.15        177.15

min_fiat
  mean                4280.3105    16188.6605             0      358.6852     1889.0756             0     1889.0756
  std. dev.          29639.8947    95838.3751      394.5538      848.8042      950.4971      394.5538      950.4971
  weight sum                 99            99            99            99            99            99            99
  precision           2367.3226     2367.3226     2367.3226     2367.3226     2367.3226     2367.3226     2367.3226

mean_fiat
  mean               57456.1581    37050.6635    17251.6731   237170.0714    10081.4465     3302.0781     7453.2619
  std. dev.         108720.7938   130194.2754     4783.7514    69378.7185     9498.1025       742.874     3507.3032
  weight sum                 99            99            99            99            99            99            99
  precision           1334.3091     1334.3091     1334.3091     1334.3091     1334.3091     1334.3091     1334.3091

max_fiat
  mean              597661.7806    66478.5302    47417.9412  1141922.7747    26311.1747   402985.7771    19016.1068
  std. dev.         214443.5061   215896.8221     9768.7134   348350.4128     23102.628    157784.025    10320.3314
  weight sum                 99            99            99            99            99            99            99
  precision            2201.865      2201.865      2201.865      2201.865      2201.865      2201.865      2201.865

std_fiat
  mean                79971.861    21094.0271    25763.1916   449222.1981    14206.1815     7627.4059    10066.8512
  std. dev.         105789.1081    89918.2973     4170.8677   141332.2412    12080.1743     2303.6835     5915.0204
  weight sum                 99            99            99            99            99            99            99
  precision           1092.7832     1092.7832     1092.7832     1092.7832     1092.7832     1092.7832     1092.7832

min_biat
  mean                   4.1362             0      209.4422      130.4783       308.523             0     2746.8133
  std. dev.             11.6989        3.1022      287.9654      105.2072      602.8954        3.1022     1098.3352
  weight sum                 99            99            99            99            99            99            99
  precision             18.6129       18.6129       18.6129       18.6129       18.6129       18.6129       18.6129

mean_biat
  mean               13306.2781             0     5136.3009   221148.0145     3755.2412             0     2901.7773
  std. dev.           7982.3831      128.0196     7803.2944    87607.0449    21038.5658      128.0196      613.2859
  weight sum                 99            99            99            99            99            99            99
  precision            768.1175      768.1175      768.1175      768.1175      768.1175      768.1175      768.1175

max_biat
  mean              444163.2263             0    13494.9487   753142.9487     8112.5703             0     3861.2715
  std. dev.         287490.9021      643.5452    23633.4089   291865.1987    42085.7118      643.5452      643.5452
  weight sum                 99            99            99            99            99            99            99
  precision           3861.2715     3861.2715     3861.2715     3861.2715     3861.2715     3861.2715     3861.2715

std_biat
  mean               32846.2736             0     7783.1836   304927.3796     4975.4569             0      309.6757
  std. dev.          19542.0415      340.6433    13324.1044   118584.3299    29849.8858      340.6433      732.8266
  weight sum                 99            99            99            99            99            99            99
  precision           2043.8599     2043.8599     2043.8599     2043.8599     2043.8599     2043.8599     2043.8599

duration
  mean            14857817.0697  1246674.8026  9956699.5536 25371319.4757  30286526.661  26939969.311 30979007.8091
  std. dev.        5227817.9631  2779672.9571  4246538.9241 10727211.1278  4351542.4763    6251288.26  4449008.0098
  weight sum                 99            99            99            99            99            99            99
  precision          51662.1203    51662.1203    51662.1203    51662.1203    51662.1203    51662.1203    51662.1203

min_active
  mean              9827404.137   405541.6401             0    22603.9603             0 26934613.1245             0
  std. dev.        5607941.4567  1825489.3779    21939.1379   121311.4097    21939.1379  6246390.1362    21939.1379
  weight sum                 99            99            99            99            99            99            99
  precision         131634.8274   131634.8274   131634.8274   131634.8274   131634.8274   131634.8274   131634.8274

mean_active
  mean             9202244.7486   398845.0657    14404.1182   279141.8767      993.3875 26934707.6281             0
  std. dev.        5689582.7391  1828473.2548     22378.795   160266.6815     9834.0341  6249690.4285     8195.4466
  weight sum                 99            99            99            99            99            99            99
  precision          49172.6793    49172.6793    49172.6793    49172.6793    49172.6793    49172.6793    49172.6793

max_active
  mean            10196558.0537    439536.885     60797.619  1453661.1037    30897.1506 26935338.5857    13455.2108
  std. dev.        5092470.2968  1847694.1141    25115.6024   405217.2348     48372.473  6245836.7981    21972.2672
  weight sum                 99            99            99            99            99            99            99
  precision          49335.7728    49335.7728    49335.7728    49335.7728    49335.7728    49335.7728    49335.7728

std_active
  mean              739433.3775    43759.3391     36797.626   622824.6841    13426.1609             0     5221.2848
  std. dev.        1881313.7543   204076.6393    21100.1064   177583.2189    22202.2098      4102.438    10062.7118
  weight sum                 99            99            99            99            99            99            99
  precision          24614.6282    24614.6282    24614.6282    24614.6282    24614.6282    24614.6282    24614.6282

min_idle
  mean              723748.1527     434896.38  4679902.3195  1669081.2269  1019434.5253             0    976988.063
  std. dev.        1530794.0819  1238111.7264  5022018.7856   533365.4745   444924.0732     5935.3104   140287.3101
  weight sum                 99            99            99            99            99            99            99
  precision          35611.8624    35611.8624    35611.8624    35611.8624    35611.8624    35611.8624    35611.8624

mean_idle
  mean             1506279.8594   497010.6357  6625235.2747  5050702.6764  7642128.4746             0  7738698.8391
  std. dev.        2721277.1969   1318057.145  4309817.4224  1688342.3526  1339041.4278      5990.267  1111459.3231
  weight sum                 99            99            99            99            99            99            99
  precision          35941.6019    35941.6019    35941.6019    35941.6019    35941.6019    35941.6019    35941.6019

max_idle
  mean             2609963.4999   575819.2853  8567189.5411 11343639.9213 10750921.5918             0 10442357.5617
  std. dev.        4781473.6339  1506811.9143  4486500.0432  4600028.4934  2142694.1488    10327.1937  1499435.1613
  weight sum                 99            99            99            99            99            99            99
  precision          61963.1622    61963.1622    61963.1622    61963.1622    61963.1622    61963.1622    61963.1622

std_idle
  mean              975678.2283    91771.7145  2751293.7093  3911258.4575  4544371.8242             0  4511304.2833
  std. dev.        2023982.1841    416656.654  2864845.2519  1704900.1202  1184743.4656     6130.4991   647933.4253
  weight sum                 99            99            99            99            99            99            99
  precision          36782.9949    36782.9949    36782.9949    36782.9949    36782.9949    36782.9949    36782.9949

sflow_fpackets
  mean                1166.7172       18.3838             0             0             0     7971.3636             0
  std. dev.            925.9634      141.6387       10.8333       10.8333       10.8333     2323.2423       10.8333
  weight sum                 99            99            99            99            99            99            99
  precision                  65            65            65            65            65            65            65

sflow_fbytes
  mean              134378.6843     7807.8649             0       23.1687             0   318801.8441             0
  std. dev.          90955.8943    71696.1326      382.2842      382.2842      382.2842    92916.2904      382.2842
  weight sum                 99            99            99            99            99            99            99
  precision           2293.7051     2293.7051     2293.7051     2293.7051     2293.7051     2293.7051     2293.7051

sflow_bpackets
  mean                 620.9793             0             0             0             0             0             0
  std. dev.            594.6885        6.2325        6.2325        6.2325        6.2325        6.2325        6.2325
  weight sum                 99            99            99            99            99            99            99
  precision             37.3947       37.3947       37.3947       37.3947       37.3947       37.3947       37.3947

sflow_bbytes
  mean               34225.9849             0             0      970.0899      287.9954             0      242.5225
  std. dev.          32171.5005      250.1013      250.1013     2378.0617     1741.6139      250.1013     1688.9736
  weight sum                 99            99            99            99            99            99            99
  precision           1500.6078     1500.6078     1500.6078     1500.6078     1500.6078     1500.6078     1500.6078

fpsh_cnt
  mean                 1252.441             0             0             0             0             0             0
  std. dev.            901.5072        7.8966        7.8966        7.8966        7.8966        7.8966        7.8966
  weight sum                 99            99            99            99            99            99            99
  precision             47.3793       47.3793       47.3793       47.3793       47.3793       47.3793       47.3793

bpsh_cnt
  mean                   0.0909             0             1        0.9596             1             0             1
  std. dev.              0.2875        0.1667        0.1667        0.1969        0.1667        0.1667        0.1667
  weight sum                 99            99            99            99            99            99            99
  precision                   1             1             1             1             1             1             1

furg_cnt
  mean                        0             0             0             0             0             0             0
  std. dev.              0.0017        0.0017        0.0017        0.0017        0.0017        0.0017        0.0017
  weight sum                 99            99            99            99            99            99            99
  precision                0.01          0.01          0.01          0.01          0.01          0.01          0.01

burg_cnt
  mean                        0             0             0             0             0             0             0
  std. dev.              0.0017        0.0017        0.0017        0.0017        0.0017        0.0017        0.0017
  weight sum                 99            99            99            99            99            99            99
  precision                0.01          0.01          0.01          0.01          0.01          0.01          0.01

total_fhlen
  mean               65678.7594      362.9914             0      998.2264        22.687   159398.6058        22.687
  std. dev.          46926.9353     2800.4849      187.1674      352.9263      187.1674    46473.1553      187.1674
  weight sum                 99            99            99            99            99            99            99
  precision           1123.0047     1123.0047     1123.0047     1123.0047     1123.0047     1123.0047     1123.0047

total_bhlen
  mean               36872.5647             0             0             0             0             0             0
  std. dev.          31864.4744      299.1137      299.1137      299.1137      299.1137      299.1137      299.1137
  weight sum                 99            99            99            99            99            99            99
  precision           1794.6824     1794.6824     1794.6824     1794.6824     1794.6824     1794.6824     1794.6824


=== Dedicated test set ===
=== Summary of NB ===

Correctly Classified Instances         170               97.1429 %
Incorrectly Classified Instances         5                2.8571 %
Kappa statistic                          0.9667
Mean absolute error                      0.0082
Root mean squared error                  0.0904
Relative absolute error                  3.3542 %
Root relative squared error             25.8197 %
Total Number of Instances              175     
=== Detailed Accuracy By Class ===

                 TP Rate  FP Rate  Precision  Recall   F-Measure  MCC      ROC Area  PRC Area  Class
                 0.920    0.000    1.000      0.920    0.958      0.953    1.000     1.000     tcpFlood
                 1.000    0.007    0.962      1.000    0.980      0.977    1.000     1.000     normal
                 0.880    0.000    1.000      0.880    0.936      0.929    0.913     0.897     httpFlood
                 1.000    0.027    0.862      1.000    0.926      0.916    0.987     0.862     slowRead
                 1.000    0.000    1.000      1.000    1.000      1.000    1.000     1.000     slowHeaders
                 1.000    0.000    1.000      1.000    1.000      1.000    1.000     1.000     udpFlood
                 1.000    0.000    1.000      1.000    1.000      1.000    1.000     1.000     slowBody
Weighted Avg.    0.971    0.005    0.975      0.971    0.972      0.968    0.986     0.966     
=== Confusion Matrix ===

  a  b  c  d  e  f  g   <-- classified as
 23  1  0  1  0  0  0 |  a = tcpFlood
  0 25  0  0  0  0  0 |  b = normal
  0  0 22  3  0  0  0 |  c = httpFlood
  0  0  0 25  0  0  0 |  d = slowRead
  0  0  0  0 25  0  0 |  e = slowHeaders
  0  0  0  0  0 25  0 |  f = udpFlood
  0  0  0  0  0  0 25 |  g = slowBody
