=== Classifier ===
Naive Bayes Classifier

                           Class
Attribute               tcpFlood      normal   httpFlood    slowRead slowHeaders    udpFlood    slowBody
                          (0.11)      (0.34)      (0.11)      (0.11)      (0.11)      (0.09)      (0.11)
=========================================================================================================
duration
  mean                          0      0.7606           0      8.8446      8.9313           0      8.1798
  std. dev.                2.1389     12.6458      2.1389      9.0972      9.7438      2.1389      8.3201
  weight sum                  444        1333         444         444         444         372         444
  precision               12.8333     12.8333     12.8333     12.8333     12.8333     12.8333     12.8333

protocol_type
  tcp                       445.0      1334.0       445.0       445.0       445.0         1.0       445.0
  icmp                        1.0         1.0         1.0         1.0         1.0         1.0         1.0
  udp                         1.0         1.0         1.0         1.0         1.0       373.0         1.0
  [total]                   447.0      1336.0       447.0       447.0       447.0       375.0       447.0

flag
  OTH                       445.0         1.0       108.0       172.0       178.0       373.0       147.0
  REJ                         1.0        98.0         1.0         1.0         1.0         1.0         1.0
  RSTO                        1.0         5.0        53.0        56.0        69.0         1.0        36.0
  RSTOS0                      1.0         1.0         1.0         1.0         1.0         1.0         1.0
  RSTR                        1.0         1.0         1.0         1.0         1.0         1.0         1.0
  S0                          1.0        10.0         1.0         1.0         1.0         1.0         1.0
  S1                          1.0         8.0        13.0       219.0       197.0         1.0       254.0
  S2                          1.0         2.0         1.0         1.0         3.0         1.0        11.0
  S3                          1.0         1.0       274.0         1.0         1.0         1.0         1.0
  SF                          1.0      1216.0         1.0         1.0         2.0         1.0         1.0
  SH                          1.0         1.0         1.0         1.0         1.0         1.0         1.0
  [total]                   455.0      1344.0       455.0       455.0       455.0       383.0       455.0

src_bytes
  mean                    73.9033    236.0928    307.0645    402.2179    394.8984     62.9004    375.9622
  std. dev.               10.9331     89.0226    141.5229    556.2195    476.7611      1.7472    545.0449
  weight sum                  444        1333         444         444         444         372         444
  precision               10.4834     10.4834     10.4834     10.4834     10.4834     10.4834     10.4834

dst_bytes
  mean                          0   4582.8116    478.2848    247.9452    208.3326           0    151.1145
  std. dev.              108.5677  19556.1533    291.0546    612.5989    885.5689    108.5677   1024.8969
  weight sum                  444        1333         444         444         444         372         444
  precision              651.4063    651.4063    651.4063    651.4063    651.4063    651.4063    651.4063

count
  mean                 12133.6918      6.8094    300.6069    427.9674    343.6935    108.2213    367.4862
  std. dev.             7067.1339     17.8623    267.7178    299.0239    273.6252     36.2104    272.7452
  weight sum                  444        1333         444         444         444         372         444
  precision               22.1931     22.1931     22.1931     22.1931     22.1931     22.1931     22.1931

srv_serror_rate
  mean                          0       0.014      0.5405      0.4374      0.3922           0      0.5271
  std. dev.                0.0018      0.0825      0.4601      0.4761      0.4483      0.0018      0.4583
  weight sum                  444        1333         444         444         444         372         444
  precision                0.0108      0.0108      0.0108      0.0108      0.0108      0.0108      0.0108

same_srv_rate
  mean                          1       0.998      0.9187      0.9991      0.9942      0.9973      0.9982
  std. dev.                 0.003      0.0417      0.2058      0.0049      0.0672      0.0518      0.0087
  weight sum                  444        1333         444         444         444         372         444
  precision                0.0182      0.0182      0.0182      0.0182      0.0182      0.0182      0.0182

diff_srv_rate
  mean                          0      0.0001      0.0812      0.0009      0.0035           0      0.0018
  std. dev.                 0.003      0.0035      0.2058      0.0048      0.0477       0.003      0.0086
  weight sum                  444        1333         444         444         444         372         444
  precision                0.0179      0.0179      0.0179      0.0179      0.0179      0.0179      0.0179

dst_host_count
  mean                    69.3089    125.7957      84.252     82.0269     79.4678     31.8989     82.8817
  std. dev.                4.1726    104.1299     27.5268     23.3229      25.277      7.5442     25.0874
  weight sum                  444        1333         444         444         444         372         444
  precision                 1.186       1.186       1.186       1.186       1.186       1.186       1.186

dst_host_srv_count
  mean                    69.2588    244.7865     83.7902      81.989     79.4709     31.9784     82.8182
  std. dev.                4.1629     38.5573     27.9177     23.3512     25.3483      7.5719     25.1217
  weight sum                  444        1333         444         444         444         372         444
  precision                1.5089      1.5089      1.5089      1.5089      1.5089      1.5089      1.5089


=== Dedicated test set ===
=== Summary of NB ===

Correctly Classified Instances         685               69.8267 %
Incorrectly Classified Instances       296               30.1733 %
Kappa statistic                          0.6295
Mean absolute error                      0.086 
Root mean squared error                  0.2514
Relative absolute error                 37.0929 %
Root relative squared error             73.8204 %
Total Number of Instances              981     
=== Detailed Accuracy By Class ===

                 TP Rate  FP Rate  Precision  Recall   F-Measure  MCC      ROC Area  PRC Area  Class
                 1.000    0.032    0.799      1.000    0.888      0.879    1.000     1.000     tcpFlood
                 0.973    0.000    1.000      0.973    0.986      0.980    0.999     0.999     normal
                 0.586    0.002    0.970      0.586    0.730      0.732    0.913     0.750     httpFlood
                 0.757    0.256    0.274      0.757    0.402      0.342    0.821     0.273     slowRead
                 0.000    0.005    0.000      0.000    0.000      -0.023   0.874     0.330     slowHeaders
                 1.000    0.027    0.795      1.000    0.886      0.879    1.000     1.000     udpFlood
                 0.072    0.017    0.348      0.072    0.119      0.115    0.874     0.365     slowBody
Weighted Avg.    0.698    0.038    0.685      0.698    0.661      0.647    0.941     0.741     
=== Confusion Matrix ===

   a   b   c   d   e   f   g   <-- classified as
 111   0   0   0   0   0   0 |   a = tcpFlood
   0 324   1   6   0   0   2 |   b = normal
   3   0  65  21   0  22   0 |   c = httpFlood
  14   0   1  84   1   0  11 |   d = slowRead
   8   0   0 100   0   1   2 |   e = slowHeaders
   0   0   0   0   0  93   0 |   f = udpFlood
   3   0   0  96   3   1   8 |   g = slowBody
