=== Classifier ===
Naive Bayes Classifier

                                    Class
Attribute                        tcpFlood      normal   httpFlood    slowRead slowHeaders    udpFlood    slowBody
                                   (0.15)      (0.15)      (0.15)      (0.15)      (0.15)       (0.1)      (0.15)
==================================================================================================================
duration
  mean                                   0       0.924      0.3913      7.7831       9.381           0      7.7831
  std. dev.                         1.0345      8.9316      1.5086      9.9731     11.4664      1.0345      9.5232
  weight sum                           571         571         571         571         571         372         571
  precision                         6.2069      6.2069      6.2069      6.2069      6.2069      6.2069      6.2069

protocol_type
  tcp                                572.0       572.0       572.0       572.0       572.0         1.0       572.0
  icmp                                 1.0         1.0         1.0         1.0         1.0         1.0         1.0
  udp                                  1.0         1.0         1.0         1.0         1.0       373.0         1.0
  [total]                            574.0       574.0       574.0       574.0       574.0       375.0       574.0

flag
  OTH                                572.0       116.0       156.0       202.0       213.0       373.0       182.0
  REJ                                  1.0        30.0         1.0         1.0         1.0         1.0         1.0
  RSTO                                 1.0         5.0        62.0        67.0       100.0         1.0        51.0
  RSTOS0                               1.0         1.0         1.0         1.0         1.0         1.0         1.0
  RSTR                                 1.0         1.0         1.0         1.0         1.0         1.0         1.0
  S0                                   1.0         4.0         1.0         1.0         1.0         1.0         1.0
  S1                                   1.0         7.0        14.0       305.0       255.0         1.0       328.0
  S2                                   1.0         3.0         1.0         1.0         6.0         1.0        14.0
  S3                                   1.0         1.0       343.0         1.0         1.0         1.0         1.0
  SF                                   1.0       413.0         1.0         1.0         2.0         1.0         1.0
  SH                                   1.0         1.0         1.0         1.0         1.0         1.0         1.0
  [total]                            582.0       582.0       582.0       582.0       582.0       383.0       582.0

src_bytes
  mean                             87.3556    316.8257    304.2593    448.1256    431.9797     43.4874    421.3935
  std. dev.                         9.0915     1037.22    149.8511    631.6644    556.3672      7.2479    643.2124
  weight sum                           571         571         571         571         571         372         571
  precision                        43.4874     43.4874     43.4874     43.4874     43.4874     43.4874     43.4874

dst_bytes
  mean                                   0   3946.6189    482.6029    289.5617    207.3405           0     83.4128
  std. dev.                       113.4017   14370.725    314.1746    945.9238   1048.9124    113.4017    286.7554
  weight sum                           571         571         571         571         571         372         571
  precision                       680.4104    680.4104    680.4104    680.4104    680.4104    680.4104    680.4104

wrong_fragment
  mean                                   0           0           0           0           0           0           0
  std. dev.                         0.0017      0.0017      0.0017      0.0017      0.0017      0.0017      0.0017
  weight sum                           571         571         571         571         571         372         571
  precision                           0.01        0.01        0.01        0.01        0.01        0.01        0.01

urgent
  mean                                   0           0           0           0           0           0           0
  std. dev.                         0.0017      0.0017      0.0017      0.0017      0.0017      0.0017      0.0017
  weight sum                           571         571         571         571         571         372         571
  precision                           0.01        0.01        0.01        0.01        0.01        0.01        0.01

count
  mean                          12675.2232      29.474    301.4042    406.0055    356.8711    110.2273    383.3613
  std. dev.                      7123.1675     70.3929    276.3259    296.0143     283.491     34.9827    281.6662
  weight sum                           571         571         571         571         571         372         571
  precision                         18.931      18.931      18.931      18.931      18.931      18.931      18.931

srv_count
  mean                          12674.9373     36.6357    277.7619    405.8362    356.7545    109.7457    383.6206
  std. dev.                      7122.5125     73.2437    246.6937    296.3985    283.6562     34.3225    282.1049
  weight sum                           571         571         571         571         571         372         571
  precision                        19.1041     19.1041     19.1041     19.1041     19.1041     19.1041     19.1041

serror_rate
  mean                                   0      0.0209      0.4917      0.4885      0.4062           0      0.5282
  std. dev.                         0.0018      0.1211      0.4547      0.4804      0.4416      0.0018      0.4571
  weight sum                           571         571         571         571         571         372         571
  precision                         0.0108      0.0108      0.0108      0.0108      0.0108      0.0108      0.0108

srv_serror_rate
  mean                                   0      0.0185       0.515      0.4895      0.4074           0       0.529
  std. dev.                         0.0017      0.0992      0.4589      0.4812      0.4432      0.0017      0.4578
  weight sum                           571         571         571         571         571         372         571
  precision                         0.0102      0.0102      0.0102      0.0102      0.0102      0.0102      0.0102

rerror_rate
  mean                                   0      0.0493           0           0           0           0           0
  std. dev.                         0.0278      0.2126      0.0278      0.0278      0.0278      0.0278      0.0278
  weight sum                           571         571         571         571         571         372         571
  precision                         0.1667      0.1667      0.1667      0.1667      0.1667      0.1667      0.1667

srv_rerror_rate
  mean                                   0      0.0471           0           0           0           0           0
  std. dev.                         0.0185      0.2056      0.0185      0.0185      0.0185      0.0185      0.0185
  weight sum                           571         571         571         571         571         372         571
  precision                         0.1111      0.1111      0.1111      0.1111      0.1111      0.1111      0.1111

same_srv_rate
  mean                                   1      0.9746      0.9176      0.9986      0.9985      0.9973      0.9959
  std. dev.                         0.0028      0.1559       0.205      0.0075      0.0104      0.0518       0.045
  weight sum                           571         571         571         571         571         372         571
  precision                         0.0169      0.0169      0.0169      0.0169      0.0169      0.0169      0.0169

diff_srv_rate
  mean                                   0      0.0018      0.0825      0.0014      0.0015           0      0.0023
  std. dev.                         0.0028      0.0418      0.2052      0.0075      0.0104      0.0028      0.0169
  weight sum                           571         571         571         571         571         372         571
  precision                         0.0169      0.0169      0.0169      0.0169      0.0169      0.0169      0.0169

srv_diff_host_rate
  mean                                   0      0.1673      0.0669           0           0           0           0
  std. dev.                         0.0021      0.2794      0.1633      0.0021      0.0021      0.0021      0.0021
  weight sum                           571         571         571         571         571         372         571
  precision                         0.0125      0.0125      0.0125      0.0125      0.0125      0.0125      0.0125

dst_host_count
  mean                             68.9627    103.0058     83.0953     82.1106     80.0885     31.8686       83.32
  std. dev.                          4.615    101.0934     28.8233     24.1316     25.9586        7.23     25.0013
  weight sum                           571         571         571         571         571         372         571
  precision                         1.5839      1.5839      1.5839      1.5839      1.5839      1.5839      1.5839

dst_host_srv_count
  mean                             69.0825    190.9359     83.4278     82.5347     80.4238     31.9169     83.8776
  std. dev.                         4.5734     96.2059     29.2556     24.7158     26.5071      7.2245     25.5568
  weight sum                           571         571         571         571         571         372         571
  precision                         1.8345      1.8345      1.8345      1.8345      1.8345      1.8345      1.8345

dst_host_same_srv_rate
  mean                                   1      0.9783      0.9857      0.9997      0.9998      0.9973       0.998
  std. dev.                         0.0057      0.1355      0.0942      0.0057      0.0057      0.0518      0.0419
  weight sum                           571         571         571         571         571         372         571
  precision                         0.0345      0.0345      0.0345      0.0345      0.0345      0.0345      0.0345

dst_host_diff_srv_rate
  mean                                   0      0.0006      0.0141           0           0           0      0.0002
  std. dev.                         0.0073        0.01      0.0937      0.0073      0.0073      0.0073      0.0073
  weight sum                           571         571         571         571         571         372         571
  precision                         0.0436      0.0436      0.0436      0.0436      0.0436      0.0436      0.0436

dst_host_same_src_port_rate
  mean                              0.0216      0.2086      0.1398      0.0022      0.0034      0.9612      0.0025
  std. dev.                         0.0149      0.3494      0.3361      0.0156      0.0189      0.0561      0.0162
  weight sum                           571         571         571         571         571         372         571
  precision                         0.0167      0.0167      0.0167      0.0167      0.0167      0.0167      0.0167

dst_host_srv_diff_host_rate
  mean                                   0      0.1082      0.0164           0           0           0           0
  std. dev.                         0.0025      0.2472      0.0947      0.0025      0.0025      0.0025      0.0025
  weight sum                           571         571         571         571         571         372         571
  precision                         0.0147      0.0147      0.0147      0.0147      0.0147      0.0147      0.0147

dst_host_serror_rate
  mean                                   0      0.0111      0.5943      0.5147      0.4303           0      0.5772
  std. dev.                         0.0019      0.0879      0.4805      0.4889      0.4574      0.0019      0.4713
  weight sum                           571         571         571         571         571         372         571
  precision                         0.0112      0.0112      0.0112      0.0112      0.0112      0.0112      0.0112

dst_host_srv_serror_rate
  mean                                   0      0.0047      0.5969      0.5148      0.4303           0      0.5771
  std. dev.                         0.0019      0.0415      0.4802       0.489      0.4575      0.0019      0.4714
  weight sum                           571         571         571         571         571         372         571
  precision                         0.0114      0.0114      0.0114      0.0114      0.0114      0.0114      0.0114

dst_host_rerror_rate
  mean                                   0      0.0477           0           0           0           0           0
  std. dev.                         0.0088      0.2053      0.0088      0.0088      0.0088      0.0088      0.0088
  weight sum                           571         571         571         571         571         372         571
  precision                         0.0526      0.0526      0.0526      0.0526      0.0526      0.0526      0.0526

dst_host_srv_rerror_rate
  mean                                   0      0.0539           0           0           0           0           0
  std. dev.                         0.0083      0.2163      0.0083      0.0083      0.0083      0.0083      0.0083
  weight sum                           571         571         571         571         571         372         571
  precision                           0.05        0.05        0.05        0.05        0.05        0.05        0.05


=== Dedicated test set ===
=== Summary of NB ===

Correctly Classified Instances         455               47.8444 %
Incorrectly Classified Instances       496               52.1556 %
Kappa statistic                          0.3917
Mean absolute error                      0.1461
Root mean squared error                  0.3444
Relative absolute error                 59.8119 %
Root relative squared error             98.5607 %
Total Number of Instances              951     
=== Detailed Accuracy By Class ===

                 TP Rate  FP Rate  Precision  Recall   F-Measure  MCC      ROC Area  PRC Area  Class
                 1.000    0.152    0.538      1.000    0.699      0.675    1.000     1.000     tcpFlood
                 0.643    0.005    0.958      0.643    0.770      0.757    0.975     0.896     normal
                 0.189    0.026    0.563      0.189    0.283      0.266    0.862     0.572     httpFlood
                 0.517    0.281    0.246      0.517    0.333      0.182    0.755     0.306     slowRead
                 0.133    0.073    0.244      0.133    0.172      0.078    0.748     0.272     slowHeaders
                 1.000    0.055    0.664      1.000    0.798      0.792    0.987     0.802     udpFlood
                 0.049    0.019    0.318      0.049    0.085      0.072    0.787     0.323     slowBody
Weighted Avg.    0.478    0.089    0.496      0.478    0.430      0.383    0.867     0.585     
=== Confusion Matrix ===

   a   b   c   d   e   f   g   <-- classified as
 143   0   0   0   0   0   0 |   a = tcpFlood
   0  92  21   0   0  30   0 |   b = normal
   3   4  27  79  14  16   0 |   c = httpFlood
  40   0   0  74  24   1   4 |   d = slowRead
  43   0   0  70  19   0  11 |   e = slowHeaders
   0   0   0   0   0  93   0 |   f = udpFlood
  37   0   0  78  21   0   7 |   g = slowBody
