=== Classifier ===
Naive Bayes Classifier

                                    Class
Attribute                        tcpFlood      normal   httpFlood    slowRead slowHeaders    slowBody
                                   (0.17)      (0.17)      (0.17)      (0.17)      (0.17)      (0.17)
======================================================================================================
duration
  mean                                   0      0.7145      0.7362     17.7768     16.3044     16.4993
  std. dev.                         2.0606     12.1902      2.9257      6.6369      8.8412      9.1554
  weight sum                           571         571         571         571         571         571
  precision                        12.3636     12.3636     12.3636     12.3636     12.3636     12.3636

protocol_type
  tcp                                572.0       572.0       572.0       572.0       572.0       572.0
  icmp                                 1.0         1.0         1.0         1.0         1.0         1.0
  udp                                  1.0         1.0         1.0         1.0         1.0         1.0
  [total]                            574.0       574.0       574.0       574.0       574.0       574.0

flag
  OTH                                572.0         1.0       221.0         1.0         1.0         1.0
  REJ                                  1.0        46.0         1.0         1.0         1.0         1.0
  RSTO                                 1.0         2.0        48.0       184.0       101.0        96.0
  RSTOS0                               1.0         1.0         1.0         1.0         1.0         1.0
  RSTR                                 1.0         1.0         1.0        82.0         1.0         1.0
  S0                                   1.0         3.0         1.0         1.0         1.0         1.0
  S1                                   1.0         2.0        13.0       305.0       469.0       468.0
  S2                                   1.0         3.0         1.0         1.0         3.0         4.0
  S3                                   1.0         1.0       293.0         1.0         1.0         1.0
  SF                                   1.0       521.0         1.0         4.0         2.0         7.0
  SH                                   1.0         1.0         1.0         1.0         1.0         1.0
  [total]                            582.0       582.0       582.0       582.0       582.0       582.0

src_bytes
  mean                             76.1044    238.6825    262.5134    1206.874    505.5942    536.1959
  std. dev.                         2.5368      90.719    167.0744   1159.5802    414.9428    557.2958
  weight sum                           571         571         571         571         571         571
  precision                        15.2209     15.2209     15.2209     15.2209     15.2209     15.2209

dst_bytes
  mean                                   0   3914.7581    420.0305     731.676    211.2434    149.5284
  std. dev.                          29.22   7158.4723     340.874   1614.7162    914.5275    332.8111
  weight sum                           571         571         571         571         571         571
  precision                       175.3198    175.3198    175.3198    175.3198    175.3198    175.3198

wrong_fragment
  mean                                   0           0           0           0           0           0
  std. dev.                         0.0017      0.0017      0.0017      0.0017      0.0017      0.0017
  weight sum                           571         571         571         571         571         571
  precision                           0.01        0.01        0.01        0.01        0.01        0.01

urgent
  mean                                   0           0           0           0           0           0
  std. dev.                         0.0017      0.0017      0.0017      0.0017      0.0017      0.0017
  weight sum                           571         571         571         571         571         571
  precision                           0.01        0.01        0.01        0.01        0.01        0.01

count
  mean                           3161.7062      9.1633     462.413   1326.9407   1069.3226   1062.0613
  std. dev.                      1841.8696      9.2313    341.9415     994.117    752.1573    941.8114
  weight sum                           571         571         571         571         571         571
  precision                         3.3011      3.3011      3.3011      3.3011      3.3011      3.3011

srv_count
  mean                           3161.6061      12.708    462.3867   1327.0206   1069.3277   1062.0602
  std. dev.                      1841.8275     12.6849    341.9591     994.113    752.1623    941.8958
  weight sum                           571         571         571         571         571         571
  precision                         3.2908      3.2908      3.2908      3.2908      3.2908      3.2908

serror_rate
  mean                                   0      0.0098       0.465      0.3912      0.6406      0.6288
  std. dev.                         0.0017      0.0726      0.3966      0.2739      0.3254       0.326
  weight sum                           571         571         571         571         571         571
  precision                         0.0101      0.0101      0.0101      0.0101      0.0101      0.0101

srv_serror_rate
  mean                                   0      0.0099       0.465      0.3912      0.6406      0.6288
  std. dev.                         0.0017      0.0707      0.3966      0.2739      0.3254       0.326
  weight sum                           571         571         571         571         571         571
  precision                         0.0101      0.0101      0.0101      0.0101      0.0101      0.0101

rerror_rate
  mean                                   0      0.0796           0           0           0           0
  std. dev.                         0.0185      0.2657      0.0185      0.0185      0.0185      0.0185
  weight sum                           571         571         571         571         571         571
  precision                         0.1111      0.1111      0.1111      0.1111      0.1111      0.1111

srv_rerror_rate
  mean                                   0        0.08           0           0           0           0
  std. dev.                         0.0128      0.2655      0.0128      0.0128      0.0128      0.0128
  weight sum                           571         571         571         571         571         571
  precision                         0.0769      0.0769      0.0769      0.0769      0.0769      0.0769

same_srv_rate
  mean                                   1           1           1           1           1           1
  std. dev.                         0.0017      0.0017      0.0017      0.0017      0.0017      0.0017
  weight sum                           571         571         571         571         571         571
  precision                           0.01        0.01        0.01        0.01        0.01        0.01

diff_srv_rate
  mean                                   0           0           0           0           0           0
  std. dev.                         0.0017      0.0017      0.0017      0.0017      0.0017      0.0017
  weight sum                           571         571         571         571         571         571
  precision                           0.01        0.01        0.01        0.01        0.01        0.01

srv_diff_host_rate
  mean                                   0      0.1315           0           0           0           0
  std. dev.                         0.0046      0.2333      0.0046      0.0046      0.0046      0.0046
  weight sum                           571         571         571         571         571         571
  precision                         0.0278      0.0278      0.0278      0.0278      0.0278      0.0278

dst_host_count
  mean                             62.7817    124.6162     98.4731     97.7875     97.9864     97.3322
  std. dev.                         6.5795    103.9461      9.5938     13.0007     10.2805     12.9048
  weight sum                           571         571         571         571         571         571
  precision                         1.4941      1.4941      1.4941      1.4941      1.4941      1.4941

dst_host_srv_count
  mean                             62.8127    243.8819     98.3155       97.63     97.8269     97.1998
  std. dev.                         6.5505     39.9971      9.5661     12.9824     10.2348     12.8663
  weight sum                           571         571         571         571         571         571
  precision                          2.082       2.082       2.082       2.082       2.082       2.082

dst_host_same_srv_rate
  mean                                   1      0.9986           1           1           1           1
  std. dev.                         0.0037      0.0112      0.0037      0.0037      0.0037      0.0037
  weight sum                           571         571         571         571         571         571
  precision                         0.0222      0.0222      0.0222      0.0222      0.0222      0.0222

dst_host_diff_srv_rate
  mean                                   0      0.0005           0           0           0           0
  std. dev.                         0.0017      0.0027      0.0017      0.0017      0.0017      0.0017
  weight sum                           571         571         571         571         571         571
  precision                           0.01        0.01        0.01        0.01        0.01        0.01

dst_host_same_src_port_rate
  mean                              0.0017      0.0751           0           0           0           0
  std. dev.                          0.009      0.1937      0.0083      0.0083      0.0083      0.0083
  weight sum                           571         571         571         571         571         571
  precision                           0.05        0.05        0.05        0.05        0.05        0.05

dst_host_srv_diff_host_rate
  mean                                   0      0.0309           0           0           0           0
  std. dev.                         0.0047      0.0557      0.0047      0.0047      0.0047      0.0047
  weight sum                           571         571         571         571         571         571
  precision                         0.0281      0.0281      0.0281      0.0281      0.0281      0.0281

dst_host_serror_rate
  mean                                   0      0.0042      0.5153      0.5345      0.7938      0.7848
  std. dev.                         0.0017      0.0346      0.4313      0.4389      0.3621      0.3673
  weight sum                           571         571         571         571         571         571
  precision                         0.0104      0.0104      0.0104      0.0104      0.0104      0.0104

dst_host_srv_serror_rate
  mean                                   0      0.0011      0.5148      0.5347      0.7938      0.7848
  std. dev.                         0.0018      0.0053       0.431      0.4388       0.362      0.3674
  weight sum                           571         571         571         571         571         571
  precision                         0.0105      0.0105      0.0105      0.0105      0.0105      0.0105

dst_host_rerror_rate
  mean                                   0      0.0777           0           0           0           0
  std. dev.                         0.0072       0.258      0.0072      0.0072      0.0072      0.0072
  weight sum                           571         571         571         571         571         571
  precision                         0.0435      0.0435      0.0435      0.0435      0.0435      0.0435

dst_host_srv_rerror_rate
  mean                                   0      0.0794           0           0           0           0
  std. dev.                         0.0051      0.2524      0.0051      0.0051      0.0051      0.0051
  weight sum                           571         571         571         571         571         571
  precision                         0.0303      0.0303      0.0303      0.0303      0.0303      0.0303


=== Dedicated test set ===
=== Summary of NB ===

Correctly Classified Instances         605               70.5128 %
Incorrectly Classified Instances       253               29.4872 %
Kappa statistic                          0.6462
Mean absolute error                      0.1001
Root mean squared error                  0.2596
Relative absolute error                 36.0302 %
Root relative squared error             69.657  %
Total Number of Instances              858     
=== Detailed Accuracy By Class ===

                 TP Rate  FP Rate  Precision  Recall   F-Measure  MCC      ROC Area  PRC Area  Class
                 1.000    0.008    0.960      1.000    0.979      0.976    0.998     0.978     tcpFlood
                 1.000    0.001    0.993      1.000    0.997      0.996    0.999     0.993     normal
                 0.860    0.013    0.932      0.860    0.895      0.875    0.975     0.953     httpFlood
                 0.483    0.055    0.639      0.483    0.550      0.481    0.931     0.692     slowRead
                 0.552    0.182    0.378      0.552    0.449      0.322    0.828     0.389     slowHeaders
                 0.336    0.095    0.414      0.336    0.371      0.262    0.830     0.410     slowBody
Weighted Avg.    0.705    0.059    0.719      0.705    0.707      0.652    0.927     0.736     
=== Confusion Matrix ===

   a   b   c   d   e   f   <-- classified as
 143   0   0   0   0   0 |   a = tcpFlood
   0 143   0   0   0   0 |   b = normal
   6   1 123   0  13   0 |   c = httpFlood
   0   0   4  69  44  26 |   d = slowRead
   0   0   3  19  79  42 |   e = slowHeaders
   0   0   2  20  73  48 |   f = slowBody
