=== Summary of KNN===
Correctly Classified Instances        5174               43.6624 %
Incorrectly Classified Instances      6676               56.3376 %
Kappa statistic                          0.3545
Mean absolute error                      0.0282
Root mean squared error                  0.1677
Relative absolute error                 65.9258 %
Root relative squared error            100.8569 %
Total Number of Instances            11850     
=== Detailed Accuracy By Class ===
                 TP Rate  FP Rate  Precision  Recall   F-Measure  MCC      ROC Area  PRC Area  Class
                 0.000    0.000    0.000      0.000    0.000      0.000    0.502     0.062     apache2
                 0.373    0.043    0.215      0.373    0.273      0.254    0.667     0.099     back
                 0.000    0.000    0.000      0.000    0.000      -0.000   0.502     0.002     buffer_overflow
                 0.000    0.000    0.000      0.000    0.000      -0.000   0.502     0.000     ftp_write
                 0.000    0.004    0.000      0.000    0.000      -0.020   0.500     0.104     guess_passwd
                 0.000    0.000    0.000      0.000    0.000      0.000    0.502     0.011     httptunnel
                 0.000    0.000    0.000      0.000    0.000      0.000    0.502     0.000     imap
                 0.972    0.001    0.945      0.972    0.958      0.958    0.986     0.921     ipsweep
                 0.000    0.000    0.000      0.000    0.000      0.000    0.502     0.001     land
                 0.000    0.000    0.000      0.000    0.000      0.000    0.502     0.000     loadmodule
                 0.000    0.000    0.000      0.000    0.000      0.000    0.502     0.025     mailbomb
                 0.000    0.000    0.000      0.000    0.000      0.000    0.502     0.084     mscan
                 0.000    0.000    0.000      0.000    0.000      -0.000   0.502     0.002     multihop
                 0.000    0.000    0.000      0.000    0.000      0.000    0.502     0.001     named
                 0.989    0.037    0.803      0.989    0.886      0.873    0.976     0.795     neptune
                 1.000    0.009    0.415      1.000    0.586      0.641    0.996     0.415     nmap
                 0.836    0.440    0.297      0.836    0.438      0.305    0.699     0.280     normal
                 0.000    0.000    0.000      0.000    0.000      0.000    0.502     0.000     perl
                 0.000    0.000    0.000      0.000    0.000      0.000    0.502     0.000     phf
                 0.902    0.001    0.771      0.902    0.831      0.833    0.951     0.696     pod
                 0.949    0.014    0.477      0.949    0.635      0.668    0.968     0.457     portsweep
                 0.000    0.000    0.000      0.000    0.000      0.000    0.502     0.058     processtable
                 0.000    0.000    0.000      0.000    0.000      0.000    0.502     0.001     ps
                 0.000    0.003    0.000      0.000    0.000      -0.002   0.500     0.001     rootkit
                 0.000    0.000    0.000      0.000    0.000      0.000    0.497     0.026     saint
                 0.828    0.062    0.466      0.828    0.596      0.590    0.883     0.399     satan
                 0.000    0.000    0.000      0.000    0.000      0.000    0.502     0.001     sendmail
                 0.987    0.000    0.998      0.987    0.993      0.992    0.994     0.986     smurf
                 0.000    0.000    0.000      0.000    0.000      0.000    0.502     0.015     snmpgetattack
                 0.000    0.000    0.000      0.000    0.000      0.000    0.502     0.028     snmpguess
                 0.000    0.000    0.000      0.000    0.000      0.000    ?         ?         spy
                 0.000    0.000    0.000      0.000    0.000      0.000    0.502     0.000     sqlattack
                 0.750    0.003    0.196      0.750    0.310      0.382    0.874     0.147     teardrop
                 0.000    0.000    0.000      0.000    0.000      0.000    0.502     0.000     udpstorm
                 0.000    0.037    0.000      0.000    0.000      0.000    ?         ?         warezclient
                 0.058    0.000    0.948      0.058    0.110      0.225    0.529     0.130     warezmaster
                 0.000    0.000    0.000      0.000    0.000      0.000    0.502     0.000     worm
                 0.000    0.000    0.000      0.000    0.000      0.000    0.502     0.001     xlock
                 0.000    0.000    0.000      0.000    0.000      0.000    0.502     0.000     xsnoop
                 0.000    0.000    0.000      0.000    0.000      0.000    0.502     0.001     xterm
Weighted Avg.    0.437    0.091    0.347      0.437    0.330      0.311    0.674     0.296     
=== Confusion Matrix ===
    a    b    c    d    e    f    g    h    i    j    k    l    m    n    o    p    q    r    s    t    u    v    w    x    y    z   aa   ab   ac   ad   ae   af   ag   ah   ai   aj   ak   al   am   an   <-- classified as
    0  484    0    0    0    0    0    0    0    0    0    0    0    0   40    0  213    0    0    0    0    0    0    0    0    0    0    0    0    0    0    0    0    0    0    0    0    0    0    0 |    a = apache2
    0  134    0    0    0    0    0    0    0    0    0    0    0    0    0    0  225    0    0    0    0    0    0    0    0    0    0    0    0    0    0    0    0    0    0    0    0    0    0    0 |    b = back
    0    0    0    0    0    0    0    0    0    0    0    0    0    0    0    0   17    0    0    0    0    0    0    1    0    0    0    0    0    0    0    0    0    0    2    0    0    0    0    0 |    c = buffer_overflow
    0    0    0    0    0    0    0    0    0    0    0    0    0    0    0    0    2    0    0    0    0    0    0    0    0    0    0    0    0    0    0    0    0    0    0    1    0    0    0    0 |    d = ftp_write
    0    4    0    0    0    0    0    0    0    0    0    0    0    0    0    0 1184    0    0    0    0    0    0   22    0    0    0    0    0    0    0    0    0    0   21    0    0    0    0    0 |    e = guess_passwd
    0    0    0    0    0    0    0    0    0    0    0    0    0    0    0    0  115    0    0    0    3    0    0    0    0   15    0    0    0    0    0    0    0    0    0    0    0    0    0    0 |    f = httptunnel
    0    0    0    0    0    0    0    0    0    0    0    0    0    0    0    0    1    0    0    0    0    0    0    0    0    0    0    0    0    0    0    0    0    0    0    0    0    0    0    0 |    g = imap
    0    0    0    0    0    0    0  137    0    0    0    0    0    0    0    2    2    0    0    0    0    0    0    0    0    0    0    0    0    0    0    0    0    0    0    0    0    0    0    0 |    h = ipsweep
    0    0    0    0    0    0    0    0    0    0    0    0    0    0    2    0    5    0    0    0    0    0    0    0    0    0    0    0    0    0    0    0    0    0    0    0    0    0    0    0 |    i = land
    0    0    0    0    0    0    0    0    0    0    0    0    0    0    0    0    2    0    0    0    0    0    0    0    0    0    0    0    0    0    0    0    0    0    0    0    0    0    0    0 |    j = loadmodule
    0    0    0    0    0    0    0    0    0    0    0    0    0    0    0    0  288    0    0    0    0    0    0    0    0    5    0    0    0    0    0    0    0    0    0    0    0    0    0    0 |    k = mailbomb
    0    0    0    0   40    0    0    1    0    0    0    0    0    0  293    0  364    0    0    0  101    0    0    0    0  197    0    0    0    0    0    0    0    0    0    0    0    0    0    0 |    l = mscan
    0    0    0    2    0    0    0    0    0    0    0    0    0    0    0    0   11    0    0    0    0    0    0    2    0    3    0    0    0    0    0    0    0    0    0    0    0    0    0    0 |    m = multihop
    0    0    0    0    1    0    0    0    0    0    0    0    0    0    0    0   15    0    0    0    0    0    0    0    0    0    0    0    0    0    0    0    0    0    1    0    0    0    0    0 |    n = named
    0    0    0    0    0    0    0    2    0    0    0    0    0    0 1561    0    7    0    0    0    9    0    0    0    0    0    0    0    0    0    0    0    0    0    0    0    0    0    0    0 |    o = neptune
    0    0    0    0    0    0    0    0    0    0    0    0    0    0    0   73    0    0    0    0    0    0    0    0    0    0    0    0    0    0    0    0    0    0    0    0    0    0    0    0 |    p = nmap
    0    1    0    0    0    0    0    4    0    0    0    0    0    0    1    1 1799    0    0   11   42    0    0    1    0  248    0    1    0    0    0    0   37    0    6    0    0    0    0    0 |    q = normal
    0    0    0    0    0    0    0    0    0    0    0    0    0    0    0    0    2    0    0    0    0    0    0    0    0    0    0    0    0    0    0    0    0    0    0    0    0    0    0    0 |    r = perl
    0    0    0    0    0    0    0    0    0    0    0    0    0    0    0    0    2    0    0    0    0    0    0    0    0    0    0    0    0    0    0    0    0    0    0    0    0    0    0    0 |    s = phf
    0    0    0    0    0    0    0    0    0    0    0    0    0    0    0    0    4    0    0   37    0    0    0    0    0    0    0    0    0    0    0    0    0    0    0    0    0    0    0    0 |    t = pod
    0    0    0    0    0    0    0    0    0    0    0    0    0    0    1    0    1    0    0    0  148    0    0    0    0    6    0    0    0    0    0    0    0    0    0    0    0    0    0    0 |    u = portsweep
    0    0    0    0    0    0    0    0    0    0    0    0    0    0   47    0  637    0    0    0    1    0    0    0    0    0    0    0    0    0    0    0    0    0    0    0    0    0    0    0 |    v = processtable
    0    0    0    0    0    0    0    0    0    0    0    0    0    0    0    0   12    0    0    0    0    0    0    0    0    0    0    0    0    0    0    0    0    0    3    0    0    0    0    0 |    w = ps
    0    0    0    1    0    0    0    0    0    0    0    0    0    0    0    0    8    0    0    0    0    0    0    0    0    0    0    0    0    0    0    0    0    0    2    2    0    0    0    0 |    x = rootkit
    0    0    0    0    0    0    0    1    0    0    0    0    0    0    0   96    9    0    0    0    1    0    0    0    0  202    0    0    0    0    0    0    0    0    0    0    0    0    0    0 |    y = saint
    0    0    0    0    0    0    0    0    0    0    0    0    0    0    0    0  120    0    0    0    5    0    0    0    0  602    0    0    0    0    0    0    0    0    0    0    0    0    0    0 |    z = satan
    0    0    0    0    0    0    0    0    0    0    0    0    0    0    0    0   14    0    0    0    0    0    0    0    0    0    0    0    0    0    0    0    0    0    0    0    0    0    0    0 |   aa = sendmail
    0    0    0    0    0    0    0    0    0    0    0    0    0    0    0    0    8    0    0    0    0    0    0    0    0    0    0  619    0    0    0    0    0    0    0    0    0    0    0    0 |   ab = smurf
    0    0    0    0    0    0    0    0    0    0    0    0    0    0    0    0  178    0    0    0    0    0    0    0    0    0    0    0    0    0    0    0    0    0    0    0    0    0    0    0 |   ac = snmpgetattack
    0    0    0    0    0    0    0    0    0    0    0    0    0    0    0    1  327    0    0    0    0    0    0    0    0    3    0    0    0    0    0    0    0    0    0    0    0    0    0    0 |   ad = snmpguess
    0    0    0    0    0    0    0    0    0    0    0    0    0    0    0    0    0    0    0    0    0    0    0    0    0    0    0    0    0    0    0    0    0    0    0    0    0    0    0    0 |   ae = spy
    0    0    0    0    0    0    0    0    0    0    0    0    0    0    0    0    1    0    0    0    0    0    0    1    0    0    0    0    0    0    0    0    0    0    0    0    0    0    0    0 |   af = sqlattack
    0    0    0    0    0    0    0    0    0    0    0    0    0    0    0    2    0    0    0    0    0    0    0    0    0    1    0    0    0    0    0    0    9    0    0    0    0    0    0    0 |   ag = teardrop
    0    0    0    0    0    0    0    0    0    0    0    0    0    0    0    1    1    0    0    0    0    0    0    0    0    0    0    0    0    0    0    0    0    0    0    0    0    0    0    0 |   ah = udpstorm
    0    0    0    0    0    0    0    0    0    0    0    0    0    0    0    0    0    0    0    0    0    0    0    0    0    0    0    0    0    0    0    0    0    0    0    0    0    0    0    0 |   ai = warezclient
    0    0    0    2    0    0    0    0    0    0    0    0    1    0    0    0  467    0    0    0    0    0    0    4    0   10    0    0    0    0    0    0    0    0  405   55    0    0    0    0 |   aj = warezmaster
    0    0    0    0    0    0    0    0    0    0    0    0    0    0    0    0    2    0    0    0    0    0    0    0    0    0    0    0    0    0    0    0    0    0    0    0    0    0    0    0 |   ak = worm
    0    0    0    0    0    0    0    0    0    0    0    0    0    0    0    0    9    0    0    0    0    0    0    0    0    0    0    0    0    0    0    0    0    0    0    0    0    0    0    0 |   al = xlock
    0    0    0    0    0    0    0    0    0    0    0    0    0    0    0    0    3    0    0    0    0    0    0    1    0    0    0    0    0    0    0    0    0    0    0    0    0    0    0    0 |   am = xsnoop
    0    0    1    0    0    0    0    0    0    0    0    0    0    0    0    0   11    0    0    0    0    0    0    1    0    0    0    0    0    0    0    0    0    0    0    0    0    0    0    0 |   an = xterm
