=== Classifier ===
Naive Bayes Classifier

                         Class
Attribute             tcpFlood     httpFlood      slowRead   slowHeaders      udpFlood      slowBody
                        (0.17)        (0.17)        (0.17)        (0.17)        (0.17)        (0.17)
=====================================================================================================
total_fpackets
  mean                4843.0877        0.1603       20.8005        2.0192    12306.7502        2.6281
  std. dev.           3812.6098        3.5629        3.5629         6.252     6877.8276        7.0196
  weight sum                667           667           667           667           667           667
  precision             21.3774       21.3774       21.3774       21.3774       21.3774       21.3774

total_fvolume
  mean              374174.4787      565.7677     1961.7378      944.4103   492242.4569     1244.8645
  std. dev.         236973.6664        106.92     1052.8533      787.4187   275117.3994     1000.0342
  weight sum                667           667           667           667           667           667
  precision            585.9736      585.9736      585.9736      585.9736      585.9736      585.9736

total_bpackets
  mean                2477.8371             0             0             0             0             0
  std. dev.           2240.6725        3.9165        3.9165        3.9165        3.9165        3.9165
  weight sum                667           667           667           667           667           667
  precision             23.4991       23.4991       23.4991       23.4991       23.4991       23.4991

total_bvolume
  mean              131695.6035     1030.1966     1441.3155     1409.3218             0     1382.1272
  std. dev.         116896.1709      194.6889     1994.1897     1958.5362      177.8316      1970.472
  weight sum                667           667           667           667           667           667
  precision           1066.9894     1066.9894     1066.9894     1066.9894     1066.9894     1066.9894

min_fpktl
  mean                  49.5832            48       48.4318       48.4318            48       48.5037
  std. dev.             20.6355             8        11.143        11.143             8        11.294
  weight sum                667           667           667           667           667           667
  precision                  48            48            48            48            48            48

mean_fpktl
  mean                  96.7405       59.4981      138.2934      111.5444       40.6497      127.8387
  std. dev.             45.0101        1.8227       68.5315       40.3863        0.6159        54.483
  weight sum                667           667           667           667           667           667
  precision              3.6954        3.6954        3.6954        3.6954        3.6954        3.6954

max_fpktl
  mean                2333.5741      100.1379      320.1186      343.0512        50.069      422.5836
  std. dev.            775.3636        4.1724       75.9047       69.7737        4.1724       69.5524
  weight sum                667           667           667           667           667           667
  precision             25.0345       25.0345       25.0345       25.0345       25.0345       25.0345

std_fpktl
  mean                 122.3983       15.7955      107.9215      101.3134             0      131.7166
  std. dev.             87.7053        1.3492       46.6165       26.5808         0.539       27.2896
  weight sum                667           667           667           667           667           667
  precision              3.2338        3.2338        3.2338        3.2338        3.2338        3.2338

min_bpktl
  mean                  59.7806            61       53.8056       60.8171             0       60.8171
  std. dev.              6.7544        3.3889        9.9119        3.3889        3.3889        3.3889
  weight sum                667           667           667           667           667           667
  precision             20.3333       20.3333       20.3333       20.3333       20.3333       20.3333

mean_bpktl
  mean                  78.9857       156.657      226.5612      210.9075             0      208.9955
  std. dev.             13.2838        14.543      409.1205      342.8559       13.2838       329.083
  weight sum                667           667           667           667           667           667
  precision             79.7027       79.7027       79.7027       79.7027       79.7027       79.7027

max_bpktl
  mean                 296.7809      502.9655      504.5275      614.6489             0      596.6858
  std. dev.              257.92       95.0515     1066.6211      583.3445       86.8214       566.532
  weight sum                667           667           667           667           667           667
  precision            520.9286      520.9286      520.9286      520.9286      520.9286      520.9286

std_bpktl
  mean                        0      258.1757      253.6656      252.2625             0      244.1444
  std. dev.             11.1415       48.7906      511.8297       307.365       11.1415      289.8241
  weight sum                667           667           667           667           667           667
  precision             66.8491       66.8491       66.8491       66.8491       66.8491       66.8491

min_fiat
  mean                 1683.175      367.8344      1224.933     1071.5948        5.3181     2169.7801
  std. dev.          27635.2005     2345.9545     1895.4831      488.5925       98.5324    28945.5722
  weight sum                667           667           667           667           667           667
  precision            591.1942      591.1942      591.1942      591.1942      591.1942      591.1942

mean_fiat
  mean                14625.155    32916.4875   280735.8874    46416.6545     2866.9751    64076.9722
  std. dev.          52435.9089    47294.7009    59714.6714     82138.594     1034.5783    103825.693
  weight sum                667           667           667           667           667           667
  precision            207.7428      207.7428      207.7428      207.7428      207.7428      207.7428

max_fiat
  mean              518199.5586   106569.4026  1012544.1965   159862.5006   597352.2808   215587.4823
  std. dev.          205539.721   177255.8768   289186.0327   296638.6639   286848.9139    353706.012
  weight sum                667           667           667           667           667           667
  precision            350.0359      350.0359      350.0359      350.0359      350.0359      350.0359

std_fiat
  mean                29700.986    53300.5168   403436.2322    70673.5062     8196.7074    94132.3437
  std. dev.          54712.6847    82950.6146   137163.1961   126699.7928     3666.2312   153989.5958
  weight sum                667           667           667           667           667           667
  precision            153.0872      153.0872      153.0872      153.0872      153.0872      153.0872

min_biat
  mean                   5.9233      311.9021      250.4642      282.6748             0       385.273
  std. dev.              27.957      799.4808      765.7645      730.4549        4.8064      888.2602
  weight sum                667           667           667           667           667           667
  precision             28.8382       28.8382       28.8382       28.8382       28.8382       28.8382

mean_biat
  mean                9813.3717    26402.1574   162336.5155    28223.0499             0    37817.3708
  std. dev.           7216.2822    66719.9699   180127.4525    82203.9074       58.1173    100349.817
  weight sum                667           667           667           667           667           667
  precision            348.7038      348.7038      348.7038      348.7038      348.7038      348.7038

max_biat
  mean              503440.1212    75815.1595   431405.7103    85441.6923             0   116100.1502
  std. dev.         284310.2652   186302.3931   453579.3822   253336.9741      149.3579   311498.8687
  weight sum                667           667           667           667           667           667
  precision            896.1476      896.1476      896.1476      896.1476      896.1476      896.1476

std_biat
  mean               25006.8103    43995.3587   195167.8922    47419.4105             0    64843.0274
  std. dev.          15095.4872   110691.6685   226937.0111   138879.9146       84.9454   173560.9579
  weight sum                667           667           667           667           667           667
  precision            509.6725      509.6725      509.6725      509.6725      509.6725      509.6725

duration
  mean            16756366.1849  2441030.6574 29153055.3556 30165913.8766 32492152.6952 29996395.3453
  std. dev.        7041099.8672  3490370.3076  4781101.8262  5202638.9429  11938180.494  5319537.5077
  weight sum                667           667           667           667           667           667
  precision          10058.6123    10058.6123    10058.6123    10058.6123    10058.6123    10058.6123

min_active
  mean            10226428.0367    83749.0693    48813.0893    17138.9452 20709310.7738    20515.2315
  std. dev.        7188103.7563   188320.5968   182381.4335   129541.5255 13353117.8132   150010.9006
  weight sum                667           667           667           667           667           667
  precision          19084.6017    19084.6017    19084.6017    19084.6017    19084.6017    19084.6017

mean_active
  mean            11903519.1329   100446.2636   226660.1782    56937.4542 24150120.9581    75369.2285
  std. dev.        5864053.4836   184074.4768    73660.1007   151462.5871 11151859.8481   175850.6382
  weight sum                667           667           667           667           667           667
  precision          10236.4641    10236.4641    10236.4641    10236.4641    10236.4641    10236.4641

max_active
  mean            13924780.1744   126859.5942  1604094.3968   234982.5349 27591073.4868   325735.3529
  std. dev.        5700854.4511   222469.6551   335117.5449   493169.2925  10528907.786   582009.1297
  weight sum                667           667           667           667           667           667
  precision          10127.5104    10127.5104    10127.5104    10127.5104    10127.5104    10127.5104

std_active
  mean             2704961.0287    28598.6859   585082.4437    94851.1135  4866316.0704    133508.318
  std. dev.          4251626.13     74968.788   134895.8524     200311.08  6358761.4647   240385.5222
  weight sum                667           667           667           667           667           667
  precision           5311.9809     5311.9809     5311.9809     5311.9809     5311.9809     5311.9809

min_idle
  mean              537624.8795  1549678.1236  1228757.4263  1548146.7321   521393.7673  1662149.4122
  std. dev.         940712.9973  2330903.6533   702523.0626  2133349.0832   628997.4516  2310057.7482
  weight sum                667           667           667           667           667           667
  precision            5462.236      5462.236      5462.236      5462.236      5462.236      5462.236

mean_idle
  mean              686713.7122  1821476.6009  4286386.7396  7313585.1174   521437.9982  7185321.6367
  std. dev.        1413287.3104   2575007.508  1083097.2049  1712581.4017   629057.8562  1881174.6843
  weight sum                667           667           667           667           667           667
  precision           5366.7738     5366.7738     5366.7738     5366.7738     5366.7738     5366.7738

max_idle
  mean              873608.8762  2095297.0291  9134069.5973  10187091.293   521144.4339 10213713.5785
  std. dev.        2177942.1112   3130783.931  2520710.4455  1973011.2172   628683.8458  2242853.8444
  weight sum                667           667           667           667           667           667
  precision           9027.4857     9027.4857     9027.4857     9027.4857     9027.4857     9027.4857

std_idle
  mean              176744.9712   382342.0976  2975737.1361  4162103.3694             0  4113769.2934
  std. dev.         833456.4477  1401496.4406    993700.081  1336187.7919     1194.5616  1473251.7198
  weight sum                667           667           667           667           667           667
  precision           7167.3696     7167.3696     7167.3696     7167.3696     7167.3696     7167.3696

sflow_fpackets
  mean                3906.0402             0        0.0655        0.2291     9992.0314        0.1964
  std. dev.           3574.4907        3.6387        3.6387        3.6387     7620.4968        3.6387
  weight sum                667           667           667           667           667           667
  precision             21.8322       21.8322       21.8322       21.8322       21.8322       21.8322

sflow_fbytes
  mean              297734.2122             0      221.8978       79.0321    399679.551       97.2703
  std. dev.          217954.305      112.6376       317.373      254.8918   304796.8247        261.92
  weight sum                667           667           667           667           667           667
  precision            675.8258      675.8258      675.8258      675.8258      675.8258      675.8258

sflow_bpackets
  mean                1986.3357             0             0             0             0             0
  std. dev.           2070.8522         3.944         3.944         3.944         3.944         3.944
  weight sum                667           667           667           667           667           667
  precision             23.6637       23.6637       23.6637       23.6637       23.6637       23.6637

sflow_bbytes
  mean              105283.8851      322.6511      242.3601      294.4006             0      237.8994
  std. dev.          107572.961      464.6325     1521.1459     1778.5768      165.2906     1544.4523
  weight sum                667           667           667           667           667           667
  precision            991.7433      991.7433      991.7433      991.7433      991.7433      991.7433

fpsh_cnt
  mean                4833.7912             0             0             0             0             0
  std. dev.           3811.5134        4.1251        4.1251        4.1251        4.1251        4.1251
  weight sum                667           667           667           667           667           667
  precision             24.7508       24.7508       24.7508       24.7508       24.7508       24.7508

bpsh_cnt
  mean                   0.5787        0.9655        0.6477         0.976             0        0.9505
  std. dev.              0.5146        0.1825        0.4777        0.1667        0.1667        0.2169
  weight sum                667           667           667           667           667           667
  precision                   1             1             1             1             1             1

furg_cnt
  mean                        0             0             0             0             0             0
  std. dev.              0.0017        0.0017        0.0017        0.0017        0.0017        0.0017
  weight sum                667           667           667           667           667           667
  precision                0.01          0.01          0.01          0.01          0.01          0.01

burg_cnt
  mean                        0             0             0             0             0             0
  std. dev.              0.0017        0.0017        0.0017        0.0017        0.0017        0.0017
  weight sum                667           667           667           667           667           667
  precision                0.01          0.01          0.01          0.01          0.01          0.01

total_fhlen
  mean              251846.0868       95.4152      609.7484      606.1136    246141.168      608.8397
  std. dev.         198248.8036       220.745      101.0189      101.0189   137557.7804      101.0189
  weight sum                667           667           667           667           667           667
  precision            606.1136      606.1136      606.1136      606.1136      606.1136      606.1136

total_bhlen
  mean              131406.4997             0      159.4101             0             0             0
  std. dev.         116706.2258      182.6916      386.4269      182.6916      182.6916      182.6916
  weight sum                667           667           667           667           667           667
  precision           1096.1498     1096.1498     1096.1498     1096.1498     1096.1498     1096.1498


=== Dedicated test set ===
=== Summary of NB ===

Correctly Classified Instances         808               80.6387 %
Incorrectly Classified Instances       194               19.3613 %
Kappa statistic                          0.7677
Mean absolute error                      0.0636
Root mean squared error                  0.2492
Relative absolute error                 22.9118 %
Root relative squared error             66.8696 %
Total Number of Instances             1002     
=== Detailed Accuracy By Class ===

                 TP Rate  FP Rate  Precision  Recall   F-Measure  MCC      ROC Area  PRC Area  Class
                 1.000    0.001    0.994      1.000    0.997      0.996    0.999     0.994     tcpFlood
                 0.976    0.000    1.000      0.976    0.988      0.986    1.000     1.000     httpFlood
                 0.958    0.062    0.755      0.958    0.844      0.817    0.986     0.892     slowRead
                 0.820    0.156    0.513      0.820    0.631      0.560    0.937     0.813     slowHeaders
                 0.988    0.000    1.000      0.988    0.994      0.993    0.997     0.995     udpFlood
                 0.096    0.013    0.593      0.096    0.165      0.190    0.930     0.637     slowBody
Weighted Avg.    0.806    0.039    0.809      0.806    0.770      0.757    0.975     0.888     
=== Confusion Matrix ===

   a   b   c   d   e   f   <-- classified as
 167   0   0   0   0   0 |   a = tcpFlood
   0 163   3   0   0   1 |   b = httpFlood
   0   0 160   7   0   0 |   c = slowRead
   0   0  20 137   0  10 |   d = slowHeaders
   1   0   1   0 165   0 |   e = udpFlood
   0   0  28 123   0  16 |   f = slowBody
